# Mess-Beginn: 11.07.2025 12:11:51
# Kei2000	Kei2000
2.30148411E+1	5.37251646E+0
2.30132784E+1	5.37452879E+0
2.30097594E+1	5.37770125E+0
2.30050488E+1	5.37328225E+0
2.29976174E+1	5.37233933E+0
2.29908492E+1	5.37290962E+0
2.29866107E+1	5.37425405E+0
2.29811017E+1	5.37320257E+0
2.29775489E+1	5.37934278E+0
2.29725121E+1	5.37728674E+0
2.29668681E+1	5.37748803E+0
2.29628655E+1	5.38060138E+0
2.29558498E+1	5.38137553E+0
2.29403679E+1	5.37795108E+0
2.29258752E+1	5.37830915E+0
2.29036243E+1	5.37947724E+0
2.28910538E+1	5.37781084E+0
2.28825872E+1	5.37632812E+0
2.28762569E+1	5.37925215E+0
2.28717256E+1	5.37741256E+0
2.28639672E+1	5.37911276E+0
2.28613136E+1	5.37745135E+0
2.28543310E+1	5.37995094E+0
2.28486976E+1	5.38163921E+0
2.28443686E+1	5.38440011E+0
2.28414451E+1	5.38160591E+0
2.28370149E+1	5.38144759E+0
2.28349684E+1	5.37937324E+0
2.28299759E+1	5.37508092E+0
2.28248597E+1	5.37565126E+0
2.28147508E+1	5.37205888E+0
2.28099606E+1	5.37682644E+0
2.28034837E+1	5.37205024E+0
2.27956349E+1	5.36885134E+0
2.27823323E+1	5.37708322E+0
2.27721777E+1	5.37091498E+0
2.27663641E+1	5.36517873E+0
2.27627881E+1	5.37462769E+0
2.27610564E+1	5.37358988E+0
2.27504297E+1	5.37480363E+0
2.27437725E+1	5.37152463E+0
2.27384310E+1	5.37402582E+0
2.27342927E+1	5.37918246E+0
2.27292773E+1	5.37492167E+0
2.27253301E+1	5.37382333E+0
2.27164802E+1	5.37598631E+0
2.27084059E+1	5.37650967E+0
2.27024007E+1	5.37014157E+0
2.26996455E+1	5.29053463E+0
2.26879162E+1	5.29436675E+0
2.26800889E+1	5.29342879E+0
2.26694840E+1	5.27790457E+0
2.26616792E+1	5.27769866E+0
2.26579905E+1	5.29857504E+0
2.26557075E+1	5.27461844E+0
2.26555391E+1	5.28279129E+0
2.26551117E+1	5.32279084E+0
2.26551117E+1	5.27858634E+0
2.26569224E+1	5.34464185E+0
2.26584968E+1	5.36474443E+0
2.26587107E+1	5.36282749E+0
2.26594642E+1	5.26712108E+0
2.26624219E+1	5.34090931E+0
2.26655821E+1	5.31254510E+0
2.26663693E+1	5.31499983E+0
2.26684831E+1	5.32463028E+0
2.26665151E+1	5.29562404E+0
2.26648057E+1	5.31511412E+0
2.26602510E+1	5.31527879E+0
2.26564723E+1	5.32812296E+0
2.26507363E+1	5.35410973E+0
2.26498816E+1	5.32795308E+0
2.26530643E+1	5.33266777E+0
2.26599019E+1	5.32848114E+0
2.26632083E+1	5.32924414E+0
2.26714851E+1	5.29438305E+0
2.26825399E+1	5.30136452E+0
2.26892874E+1	5.30223897E+0
2.26975643E+1	5.31379083E+0
2.27042555E+1	5.35906842E+0
2.27099346E+1	5.34242790E+0
2.27142867E+1	5.33969652E+0
2.27196958E+1	5.28435695E+0
2.27290745E+1	5.36997064E+0
2.27408934E+1	5.36696382E+0
2.27506096E+1	5.36639234E+0
2.27592235E+1	5.36284878E+0
2.27708734E+1	5.36273858E+0
2.27831753E+1	5.33621803E+0
2.27942627E+1	5.33694377E+0
2.28068344E+1	5.33892743E+0
2.28178654E+1	5.35836633E+0
2.28305267E+1	5.31392142E+0
2.28442335E+1	5.29124855E+0
2.28569844E+1	5.35051866E+0
2.28696004E+1	5.25616500E+0
2.28787193E+1	5.30175009E+0
2.28941683E+1	5.32169440E+0
2.29053783E+1	5.30694616E+0
2.29233792E+1	5.31979004E+0
2.29336332E+1	5.32238083E+0
2.29440332E+1	5.32492608E+0
2.29554114E+1	5.31016983E+0
2.29684308E+1	5.32061294E+0
2.29824845E+1	5.31975216E+0
2.29955824E+1	5.31540337E+0
2.30095458E+1	5.31484184E+0
2.30233742E+1	5.30954910E+0
2.30371237E+1	5.31617509E+0
2.30479501E+1	5.32085865E+0
2.30571012E+1	5.31528839E+0
2.30716373E+1	5.31198319E+0
2.30872074E+1	5.30884557E+0
2.31000231E+1	5.30182566E+0
2.31111186E+1	5.30334820E+0
2.31210900E+1	5.30624339E+0
2.31312635E+1	5.31062405E+0
2.31368505E+1	5.31038534E+0
2.31447082E+1	5.30607232E+0
2.31506773E+1	5.30347159E+0
2.31568375E+1	5.29409193E+0
2.31587822E+1	5.29664684E+0
2.31601986E+1	5.26951036E+0
2.31602098E+1	5.26197251E+0
2.31607381E+1	5.26354868E+0
2.31563091E+1	5.25845830E+0
2.31594453E+1	5.27086274E+0
2.31622669E+1	5.25702352E+0
2.31676064E+1	5.24818822E+0
2.31719117E+1	5.24055156E+0
2.31792634E+1	5.24418365E+0
2.31959338E+1	5.25248237E+0
2.32110750E+1	5.25967530E+0
2.32285091E+1	5.22855668E+0
2.32466286E+1	5.29423955E+0
2.32754822E+1	5.31461932E+0
2.32987487E+1	5.31217672E+0
2.33121689E+1	5.22774608E+0
2.33199573E+1	5.20092793E+0
2.33201709E+1	5.27116207E+0
2.33430543E+1	5.24410841E+0
2.33722985E+1	5.25392796E+0
2.34002944E+1	5.26944590E+0
2.34227155E+1	5.24410255E+0
2.34410792E+1	5.25849695E+0
2.34699500E+1	5.24332170E+0
2.34976286E+1	5.22672219E+0
2.35267338E+1	5.20199935E+0
2.35493095E+1	5.19917617E+0
2.35553215E+1	5.18177077E+0
2.35549506E+1	5.17392110E+0
2.35708511E+1	5.23675438E+0
2.35933022E+1	5.16046275E+0
2.36115955E+1	5.22141644E+0
2.36276412E+1	5.19285405E+0
2.36546304E+1	5.22293293E+0
2.36850350E+1	5.21798263E+0
2.37170790E+1	5.17219413E+0
2.37377751E+1	5.23542683E+0
2.37533134E+1	5.20514599E+0
2.37632002E+1	5.21215108E+0
2.37979494E+1	5.20824086E+0
2.38319113E+1	5.20608030E+0
2.38709834E+1	5.20663212E+0
2.39076950E+1	5.20109900E+0
2.39411592E+1	5.21104276E+0
2.39787334E+1	5.20742023E+0
2.40147115E+1	5.20265631E+0
2.40468920E+1	5.19256253E+0
2.40815666E+1	5.19932404E+0
2.41148571E+1	5.22073784E+0
2.41474727E+1	5.21963718E+0
2.41727881E+1	5.21670967E+0
2.41984616E+1	5.19812813E+0
2.42304121E+1	5.17592714E+0
2.42663469E+1	5.16279364E+0
2.42988794E+1	5.15611429E+0
2.43333648E+1	5.15134511E+0
2.43634137E+1	5.14446246E+0
2.43874208E+1	5.13994741E+0
2.44127524E+1	5.13292378E+0
2.44446184E+1	5.12982116E+0
2.44765618E+1	5.11899231E+0
2.45020263E+1	5.14076845E+0
2.45144554E+1	5.13547335E+0
2.45348104E+1	5.14632132E+0
2.45572197E+1	5.13835836E+0
2.45958845E+1	5.14662804E+0
2.46332906E+1	5.14425771E+0
2.46649462E+1	5.12826762E+0
2.47036632E+1	5.12752927E+0
2.47404482E+1	5.14216643E+0
2.47812499E+1	5.13790226E+0
2.48203444E+1	5.13265614E+0
2.48539378E+1	5.15150809E+0
2.48907519E+1	5.14247499E+0
2.49276989E+1	5.13557936E+0
2.49600321E+1	5.13117273E+0
2.49973358E+1	5.13280220E+0
2.50095793E+1	5.13431273E+0
2.50296339E+1	5.12148723E+0
2.50596998E+1	5.11451419E+0
2.50917037E+1	5.10092186E+0
2.51279712E+1	5.08417402E+0
2.51594235E+1	5.14190944E+0
2.51900443E+1	5.13377106E+0
2.52141100E+1	5.14089807E+0
2.52412287E+1	5.15428750E+0
2.52727111E+1	5.14224130E+0
2.53038081E+1	5.13160939E+0
2.53346043E+1	5.09831304E+0
2.53651977E+1	5.09996638E+0
2.54001758E+1	5.09049369E+0
2.54337850E+1	5.12622416E+0
2.54641961E+1	5.12108326E+0
2.54970060E+1	5.11068206E+0
2.55249364E+1	5.11545236E+0
2.55560291E+1	5.09355212E+0
2.55860216E+1	5.11527705E+0
2.56091941E+1	5.11966468E+0
2.56302702E+1	5.12190112E+0
2.56560340E+1	5.11692804E+0
2.56855977E+1	5.11631417E+0
2.57109562E+1	5.11833866E+0
2.57374347E+1	5.11413429E+0
2.57699568E+1	5.11739921E+0
2.58012574E+1	5.11106557E+0
2.58301556E+1	5.10109080E+0
2.58605332E+1	5.08004298E+0
2.58887703E+1	5.06204854E+0
2.59163318E+1	5.07857558E+0
2.59477497E+1	5.07661074E+0
2.59749947E+1	5.07847247E+0
2.60024194E+1	5.09533349E+0
2.60263903E+1	5.09562558E+0
2.60595389E+1	5.09053439E+0
2.60955603E+1	5.09203623E+0
2.61226120E+1	5.08689360E+0
2.61303561E+1	5.08062307E+0
2.61471046E+1	5.08465092E+0
2.61687738E+1	5.07995941E+0
2.61978186E+1	5.08176419E+0
2.62320642E+1	5.07399234E+0
2.62659539E+1	5.03396260E+0
2.63000645E+1	5.04019193E+0
2.63368513E+1	5.04585607E+0
2.63663307E+1	5.03831085E+0
2.63785587E+1	5.04395508E+0
2.64134262E+1	5.03083578E+0
2.64474261E+1	5.03421164E+0
2.64870318E+1	5.06983081E+0
2.65240699E+1	5.06529697E+0
2.65610481E+1	5.05126632E+0
2.65957976E+1	5.04220401E+0
2.66318682E+1	5.02643802E+0
2.66705144E+1	5.05605328E+0
2.67063807E+1	5.05004280E+0
2.67408342E+1	5.05808779E+0
2.67752029E+1	5.08934713E+0
2.68114467E+1	5.08996822E+0
2.68429386E+1	5.05879368E+0
2.68733310E+1	5.16211852E+0
2.68932718E+1	5.15970875E+0
2.69043113E+1	5.15627675E+0
2.69317432E+1	5.13716546E+0
2.69734368E+1	5.10156547E+0
2.70107762E+1	5.09050118E+0
2.70548189E+1	5.01967764E+0
2.70913106E+1	5.07118866E+0
2.71296529E+1	5.02240477E+0
2.71654926E+1	5.06155491E+0
2.72019470E+1	5.04493685E+0
2.72393637E+1	5.06897218E+0
2.72782010E+1	5.02886487E+0
2.73105084E+1	5.03500328E+0
2.73437834E+1	5.02329278E+0
2.73792017E+1	5.02264326E+0
2.74168356E+1	5.01721044E+0
2.74507938E+1	5.01207389E+0
2.74688428E+1	5.01363500E+0
2.74699264E+1	5.00669017E+0
2.74753766E+1	5.00257426E+0
2.74962466E+1	4.99674911E+0
2.75292179E+1	5.00127326E+0
2.75624916E+1	4.95716607E+0
2.76005223E+1	4.97698050E+0
2.76326415E+1	4.98123642E+0
2.76668075E+1	4.98100715E+0
2.77022150E+1	4.97703692E+0
2.77364526E+1	4.97077274E+0
2.77708951E+1	4.96026019E+0
2.78046201E+1	4.94759869E+0
2.78373517E+1	4.99787009E+0
2.78746449E+1	4.95920757E+0
2.79139177E+1	4.94328642E+0
2.79477782E+1	4.95573661E+0
2.79850340E+1	5.04063640E+0
2.80222122E+1	5.07017720E+0
2.80611638E+1	5.07289226E+0
2.80981023E+1	5.08306933E+0
2.81326129E+1	5.02906841E+0
2.81616164E+1	5.02583382E+0
2.81843192E+1	5.03806556E+0
2.82099276E+1	5.03475018E+0
2.82424527E+1	5.01724302E+0
2.82721351E+1	5.06149655E+0
2.83028115E+1	5.05405473E+0
2.83351660E+1	5.03895894E+0
2.83720055E+1	5.04866077E+0
2.84026979E+1	5.03791873E+0
2.84267490E+1	5.05961016E+0
2.84435285E+1	5.04051942E+0
2.84598592E+1	5.04396611E+0
2.84893565E+1	5.03061354E+0
2.85193451E+1	5.02947538E+0
2.85505283E+1	5.02580994E+0
2.85719700E+1	5.01909301E+0
2.85857277E+1	5.01386440E+0
2.85985009E+1	5.01204535E+0
2.85750800E+1	5.00698399E+0
2.85701883E+1	5.01102019E+0
2.85522465E+1	4.99824807E+0
2.85581522E+1	5.01856959E+0
2.85920145E+1	5.00160889E+0
2.86316636E+1	4.99492722E+0
2.86624982E+1	5.00090234E+0
2.86980747E+1	5.00026626E+0
2.87316921E+1	4.99701982E+0
2.87808412E+1	5.02763682E+0
2.88223597E+1	4.97526534E+0
2.88440083E+1	4.98588996E+0
2.88921235E+1	4.94524952E+0
2.89375514E+1	4.95175321E+0
2.89871158E+1	4.94495451E+0
2.90307189E+1	4.93965547E+0
2.90814482E+1	4.94439419E+0
2.91277975E+1	4.94473995E+0
2.91699298E+1	4.93990317E+0
2.91991142E+1	4.93915511E+0
2.92299657E+1	4.95642315E+0
2.92681600E+1	4.93635520E+0
2.93079736E+1	4.92544614E+0
2.93511611E+1	4.92648875E+0
2.93876305E+1	4.92252241E+0
2.93930956E+1	4.91762738E+0
2.94090216E+1	4.89948610E+0
2.94424614E+1	4.91112410E+0
2.94714842E+1	4.91842173E+0
2.95138268E+1	4.91311680E+0
2.95555139E+1	4.91172951E+0
2.95901654E+1	4.91241045E+0
2.96221341E+1	4.88752752E+0
2.96542651E+1	4.87319215E+0
2.96799302E+1	4.90468925E+0
2.97089912E+1	4.89633288E+0
2.97449587E+1	4.92190916E+0
2.97725656E+1	4.92688635E+0
2.98036445E+1	4.88601969E+0
2.98344879E+1	4.92098391E+0
2.98650974E+1	4.91705424E+0
2.98905202E+1	4.93507611E+0
2.99266352E+1	4.94406684E+0
2.99615203E+1	4.94936251E+0
2.99951511E+1	4.94894219E+0
3.00288947E+1	4.94670420E+0
3.00641116E+1	4.94866303E+0
3.00940786E+1	4.94834542E+0
3.01245244E+1	4.94512519E+0
3.01564769E+1	4.94740242E+0
3.01868152E+1	4.94495817E+0
3.02127689E+1	4.94478904E+0
3.02416366E+1	4.94093656E+0
3.02715774E+1	4.94182634E+0
3.02954519E+1	4.94229071E+0
3.03269165E+1	4.93624597E+0
3.03616373E+1	4.93722901E+0
3.03901547E+1	4.93329220E+0
3.04236213E+1	4.93143757E+0
3.04617963E+1	4.92948561E+0
3.04989635E+1	4.92471125E+0
3.05372255E+1	4.92509815E+0
3.05722020E+1	4.92427664E+0
3.06132503E+1	4.92333244E+0
3.06473118E+1	4.92024770E+0
3.06767257E+1	4.91783131E+0
3.06990842E+1	4.91236119E+0
3.07132564E+1	4.91327146E+0
3.07374000E+1	4.88349443E+0
3.07725820E+1	4.91123110E+0
3.08018960E+1	4.91266645E+0
3.08284038E+1	4.91004396E+0
3.08210486E+1	4.93102125E+0
3.08611960E+1	4.92688893E+0
3.08987175E+1	4.89351209E+0
3.09160951E+1	4.89389734E+0
3.08908664E+1	4.89238492E+0
3.08963349E+1	4.86838606E+0
3.08757416E+1	4.89128910E+0
3.08450487E+1	4.88983436E+0
3.08467451E+1	4.88592616E+0
3.08965595E+1	4.88536406E+0
3.09000081E+1	4.88228481E+0
3.09207101E+1	4.88076627E+0
3.09193195E+1	4.88139852E+0
3.09784214E+1	4.87885219E+0
3.10321416E+1	4.87811346E+0
3.10807115E+1	4.87460309E+0
3.11231124E+1	4.87500235E+0
3.11753524E+1	4.87257947E+0
3.12249208E+1	4.87022382E+0
3.12725259E+1	4.83975058E+0
3.13237657E+1	4.84089149E+0
3.13716220E+1	4.85276040E+0
3.14191423E+1	4.86531799E+0
3.14345941E+1	4.86488565E+0
3.14629078E+1	4.86020433E+0
3.14989914E+1	4.85652482E+0
3.15322277E+1	4.83674532E+0
3.15494510E+1	4.83437002E+0
3.15430155E+1	4.82880224E+0
3.15740900E+1	4.85191949E+0
3.16047607E+1	4.84535436E+0
3.16207537E+1	4.86204907E+0
3.16270255E+1	4.85488882E+0
3.16422040E+1	4.85552902E+0
3.16773782E+1	4.84337523E+0
3.16936464E+1	4.84415721E+0
3.16654875E+1	4.85836785E+0
3.16397815E+1	4.85706851E+0
3.16805453E+1	4.85615693E+0
3.17260667E+1	4.84801010E+0
3.17752105E+1	4.84479977E+0
3.17812895E+1	4.83493837E+0
3.17894631E+1	4.82746510E+0
3.17915735E+1	4.84206149E+0
3.18367808E+1	4.84358089E+0
3.18554464E+1	4.84004357E+0
3.18632981E+1	4.81296405E+0
3.19140969E+1	4.83055763E+0
3.19758635E+1	4.82122403E+0
3.20382991E+1	4.80647279E+0
3.20866480E+1	4.80802137E+0
3.21459523E+1	4.80724282E+0
3.22069376E+1	4.82160107E+0
3.22655441E+1	4.81048233E+0
3.23205809E+1	4.82792777E+0
3.23571395E+1	4.82981461E+0
3.23871522E+1	4.83832243E+0
3.24341144E+1	4.83215496E+0
3.24827831E+1	4.83270859E+0
3.25227878E+1	4.83176531E+0
3.25487378E+1	4.80417908E+0
3.25480276E+1	4.80816906E+0
3.25608976E+1	4.80509399E+0
3.25836233E+1	4.80266971E+0
3.25875766E+1	4.79396541E+0
3.25596421E+1	4.78241955E+0
3.25604442E+1	4.78034938E+0
3.25909971E+1	4.78275531E+0
3.26313876E+1	4.73482841E+0
3.26593776E+1	4.72602301E+0
3.27045005E+1	4.73982522E+0
3.27476050E+1	4.73718683E+0
3.27301354E+1	4.69587661E+0
3.27161534E+1	4.71664136E+0
3.27518377E+1	4.67911701E+0
3.27659098E+1	4.72149600E+0
3.27186170E+1	4.74693093E+0
3.27199205E+1	4.76365737E+0
3.27603459E+1	4.76162205E+0
3.28169166E+1	4.74423129E+0
3.28707223E+1	4.74780483E+0
3.28812394E+1	4.74575637E+0
3.28935594E+1	4.73035357E+0
3.29493868E+1	4.68062971E+0
3.30194351E+1	4.68762637E+0
3.30854253E+1	4.68379781E+0
3.31429657E+1	4.74152209E+0
3.31894267E+1	4.69222163E+0
3.32229571E+1	4.69069165E+0
3.32692533E+1	4.68830004E+0
3.33087161E+1	4.70214522E+0
3.33408620E+1	4.69368215E+0
3.33690276E+1	4.69365169E+0
3.34057700E+1	4.68845056E+0
3.34494138E+1	4.68600545E+0
3.34907964E+1	4.66620187E+0
3.35381550E+1	4.67259907E+0
3.35821283E+1	4.67764165E+0
3.36061694E+1	4.66452968E+0
3.36292119E+1	4.66891571E+0
3.36269670E+1	4.64220564E+0
3.35818412E+1	4.63193623E+0
3.35803383E+1	4.67130129E+0
3.36158119E+1	4.68675650E+0
3.36712575E+1	4.66791811E+0
3.37166715E+1	4.66745466E+0
3.37371974E+1	4.68373831E+0
3.37836772E+1	4.67133728E+0
3.38196931E+1	4.69456615E+0
3.38648605E+1	4.67530665E+0
3.39135714E+1	4.68040519E+0
3.39643277E+1	4.67349922E+0
3.40083681E+1	4.67256008E+0
3.40591309E+1	4.66044076E+0
3.40743748E+1	4.66461874E+0
3.41105501E+1	4.64003241E+0
3.41518287E+1	4.65676807E+0
3.41946671E+1	4.65816933E+0
3.42187580E+1	4.65380048E+0
3.42552376E+1	4.64417986E+0
3.43090141E+1	4.62093440E+0
3.43571262E+1	4.67904160E+0
3.43941907E+1	4.68973613E+0
3.44298127E+1	4.69018255E+0
3.43823822E+1	4.67899636E+0
3.43391769E+1	4.67738342E+0
3.43742896E+1	4.64960919E+0
3.44259362E+1	4.63345669E+0
3.44545115E+1	4.62640756E+0
3.43659172E+1	4.62379874E+0
3.43281174E+1	4.64337659E+0
3.43413553E+1	4.65898845E+0
3.43123439E+1	4.65160981E+0
3.43120992E+1	4.61227989E+0
3.43566962E+1	4.63133254E+0
3.43665431E+1	4.68994148E+0
3.44011044E+1	4.65364393E+0
3.44531178E+1	4.61859389E+0
3.45119354E+1	4.60336383E+0
3.45645651E+1	4.73774849E+0
3.46119692E+1	4.72045405E+0
3.46637369E+1	4.72305281E+0
3.47257000E+1	4.69656847E+0
3.47824439E+1	4.69324930E+0
3.48322472E+1	4.68749071E+0
3.48807807E+1	4.57982119E+0
3.49265275E+1	4.61791918E+0
3.49572129E+1	4.62462186E+0
3.49976696E+1	4.63699519E+0
3.50283173E+1	4.59122818E+0
3.50547533E+1	4.58465536E+0
3.51048219E+1	4.57630353E+0
3.51585753E+1	4.62750614E+0
3.52101730E+1	4.61476313E+0
3.52603122E+1	4.63218242E+0
3.53057165E+1	4.62811950E+0
3.53482161E+1	4.63644336E+0
3.53647415E+1	4.63906601E+0
3.53634070E+1	4.60101456E+0
3.53758207E+1	4.61849438E+0
3.53957154E+1	4.61789590E+0
3.54222177E+1	4.62879474E+0
3.54339307E+1	4.62234394E+0
3.54572898E+1	4.66165018E+0
3.54723694E+1	4.65136684E+0
3.54932383E+1	4.66153005E+0
3.55134831E+1	4.62038903E+0
3.55488187E+1	4.59348742E+0
3.55965199E+1	4.58048070E+0
3.56390179E+1	4.55481618E+0
3.56775714E+1	4.56787827E+0
3.57253891E+1	4.56700767E+0
3.57720136E+1	4.59858634E+0
3.58100069E+1	4.59442203E+0
3.58402566E+1	4.58161380E+0
3.58417595E+1	4.56778888E+0
3.58441700E+1	4.55729547E+0
3.58666606E+1	4.51883673E+0
3.58922290E+1	4.56126861E+0
3.59133564E+1	4.56160814E+0
3.59478598E+1	4.54503601E+0
3.59758175E+1	4.63893054E+0
3.60017193E+1	4.61261466E+0
3.60414457E+1	4.58603769E+0
3.60943674E+1	4.55347521E+0
3.61382688E+1	4.54491565E+0
3.61638826E+1	4.53172607E+0
3.61245467E+1	4.53677761E+0
3.61185496E+1	4.50917137E+0
3.61229341E+1	4.49226641E+0
3.60903271E+1	4.52482334E+0
3.60556200E+1	4.56001462E+0
3.60597465E+1	4.58028903E+0
3.60660549E+1	4.57943203E+0
3.60860597E+1	4.56194174E+0
3.61289502E+1	4.54944861E+0
3.61476743E+1	4.54133279E+0
3.61807674E+1	4.57600188E+0
3.62195230E+1	4.55759406E+0
3.62078518E+1	4.55025479E+0
3.62171845E+1	4.54670260E+0
3.62664214E+1	4.58363524E+0
3.62935156E+1	4.56528630E+0
3.63145308E+1	4.55787688E+0
3.62977528E+1	4.55259891E+0
3.62906795E+1	4.54945653E+0
3.63480966E+1	4.54933643E+0
3.64136163E+1	4.54375786E+0
3.64800868E+1	4.54955480E+0
3.65441600E+1	4.57069947E+0
3.65985448E+1	4.56098508E+0
3.66492526E+1	4.54663273E+0
3.66459454E+1	4.55536031E+0
3.66215019E+1	4.55428275E+0
3.65855474E+1	4.55516434E+0
3.66175612E+1	4.54402164E+0
3.66726638E+1	4.53892130E+0
3.67288999E+1	4.53338374E+0
3.67762340E+1	4.52773103E+0
3.68233154E+1	4.52214317E+0
3.68649406E+1	4.52317507E+0
3.69099429E+1	4.53398678E+0
3.69454663E+1	4.50805134E+0
3.69893737E+1	4.52964939E+0
3.70375778E+1	4.53073477E+0
3.70895636E+1	4.52940442E+0
3.71382532E+1	4.52752147E+0
3.71830335E+1	4.52751604E+0
3.72287661E+1	4.52495450E+0
3.72641281E+1	4.52023365E+0
3.72999728E+1	4.51730792E+0
3.73363488E+1	4.51180302E+0
3.73749469E+1	4.49992749E+0
3.74092795E+1	4.49873606E+0
3.74486800E+1	4.49744897E+0
3.74823334E+1	4.48061559E+0
3.75149545E+1	4.48203689E+0
3.75566496E+1	4.49131925E+0
3.75999832E+1	4.48384998E+0
3.76460868E+1	4.47651587E+0
3.76745365E+1	4.47808435E+0
3.76929681E+1	4.48104252E+0
3.76999103E+1	4.47779260E+0
3.77109980E+1	4.43907433E+0
3.77294068E+1	4.34805253E+0
3.77670329E+1	4.41343328E+0
3.77879821E+1	4.38687492E+0
3.78117011E+1	4.37195000E+0
3.78433145E+1	4.42051047E+0
3.78811512E+1	4.41961354E+0
3.79207569E+1	4.38414681E+0
3.79593300E+1	4.41967242E+0
3.79986791E+1	4.41687863E+0
3.80325489E+1	4.40685527E+0
3.80656474E+1	4.45840457E+0
3.80843665E+1	4.45633008E+0
3.81075138E+1	4.42060461E+0
3.81260451E+1	4.43561666E+0
3.81567516E+1	4.46928020E+0
3.81877456E+1	4.42998417E+0
3.82214891E+1	4.45112369E+0
3.82290377E+1	4.44433403E+0
3.82016364E+1	4.42891220E+0
3.81361661E+1	4.40846031E+0
3.81403232E+1	4.41934702E+0
3.81633695E+1	4.41957973E+0
3.81704103E+1	4.42636273E+0
3.81605667E+1	4.42367886E+0
3.81176329E+1	4.41028805E+0
3.80926645E+1	4.41407235E+0
3.80699936E+1	4.42901698E+0
3.80570034E+1	4.39425304E+0
3.81138415E+1	4.42342866E+0
3.81799658E+1	4.42252206E+0
3.82345322E+1	4.42765007E+0
3.82339003E+1	4.40004287E+0
3.82311403E+1	4.41123285E+0
3.81822099E+1	4.41391740E+0
3.81686085E+1	4.40046635E+0
3.81794719E+1	4.41419084E+0
3.82177792E+1	4.41656145E+0
3.82743317E+1	4.45254669E+0
3.83209947E+1	4.45038195E+0
3.83757180E+1	4.45443805E+0
3.84250587E+1	4.45161907E+0
3.84601456E+1	4.43294045E+0
3.84776372E+1	4.40860629E+0
3.85216321E+1	4.40715527E+0
3.85747894E+1	4.42454552E+0
3.86269899E+1	4.44209342E+0
3.86541148E+1	4.43425259E+0
3.86737946E+1	4.43353898E+0
3.87187915E+1	4.42308563E+0
3.87650372E+1	4.42425463E+0
3.88144892E+1	4.38758823E+0
3.88559008E+1	4.41707271E+0
3.88794753E+1	4.41265225E+0
3.88665144E+1	4.40578205E+0
3.88280058E+1	4.41241217E+0
3.88783569E+1	4.39418951E+0
3.89186552E+1	4.42176810E+0
3.88726152E+1	4.40812079E+0
3.87985883E+1	4.39456640E+0
3.88202636E+1	4.40169373E+0
3.88746034E+1	4.39938954E+0
3.88977787E+1	4.40468929E+0
3.88642398E+1	4.40198791E+0
3.88009480E+1	4.39554209E+0
3.88078279E+1	4.39024232E+0
3.88776967E+1	4.39842765E+0
3.89375945E+1	4.39951689E+0
3.90054343E+1	4.39443598E+0
3.90738807E+1	4.39014008E+0
3.91361162E+1	4.36532999E+0
3.92011269E+1	4.37260225E+0
3.92633110E+1	4.38074455E+0
3.93234431E+1	4.38550448E+0
3.93791427E+1	4.37732029E+0
3.94312520E+1	4.38596220E+0
3.94844219E+1	4.38809457E+0
3.95400936E+1	4.37485940E+0
3.95743265E+1	4.36932384E+0
3.95753008E+1	4.36604028E+0
3.95262628E+1	4.37914184E+0
3.95223877E+1	4.36310516E+0
3.95500115E+1	4.35515316E+0
3.95924951E+1	4.34347165E+0
3.95962482E+1	4.37750537E+0
3.95959627E+1	4.37114171E+0
3.96210259E+1	4.38074713E+0
3.96604707E+1	4.35247791E+0
3.96646324E+1	4.33811963E+0
3.96135740E+1	4.33150393E+0
3.96420924E+1	4.35065344E+0
3.96620912E+1	4.34914863E+0
3.96818850E+1	4.33542260E+0
3.97074349E+1	4.36019045E+0
3.97433489E+1	4.36145477E+0
3.97787491E+1	4.35628557E+0
3.98128974E+1	4.36054605E+0
3.98527006E+1	4.35278744E+0
3.99011688E+1	4.36633845E+0
3.99498342E+1	4.36228847E+0
3.99994414E+1	4.34655601E+0
4.00485343E+1	4.36922664E+0
4.00946150E+1	4.35814940E+0
4.01303388E+1	4.35405313E+0
4.01626509E+1	4.35836836E+0
4.02008733E+1	4.34378643E+0
4.02517416E+1	4.34403864E+0
4.02963428E+1	4.33223721E+0
4.03408669E+1	4.34473496E+0
4.03739033E+1	4.34134344E+0
4.03897241E+1	4.35229743E+0
4.04014512E+1	4.34365629E+0
4.04382583E+1	4.34871460E+0
4.04644993E+1	4.35445419E+0
4.04681310E+1	4.34620639E+0
4.04606527E+1	4.34829074E+0
4.04718481E+1	4.34298388E+0
4.04753248E+1	4.34322134E+0
4.03926620E+1	4.34362500E+0
4.02956984E+1	4.33349282E+0
4.03110116E+1	4.33231959E+0
4.02995380E+1	4.32694327E+0
4.02757173E+1	4.32088109E+0
4.02203024E+1	4.32516010E+0
4.02486617E+1	4.31715049E+0
4.02805409E+1	4.32962222E+0
4.03400269E+1	4.32741970E+0
4.04188655E+1	4.32579583E+0
4.04919366E+1	4.32563202E+0
4.05551788E+1	4.31952384E+0
4.05839282E+1	4.31929400E+0
4.06263153E+1	4.32278108E+0
4.06834005E+1	4.32143900E+0
4.07347871E+1	4.32178648E+0
4.07790676E+1	4.32082883E+0
4.08245000E+1	4.31889176E+0
4.08752721E+1	4.31718223E+0
4.09316972E+1	4.31472626E+0
4.09771790E+1	4.31409458E+0
4.10063492E+1	4.31411707E+0
4.10364313E+1	4.31358592E+0
4.10764801E+1	4.31017351E+0
4.11165557E+1	4.30151392E+0
4.11597121E+1	4.29509676E+0
4.12028522E+1	4.29472703E+0
4.12384988E+1	4.29140874E+0
4.12255152E+1	4.36389254E+0
4.12244981E+1	4.35911071E+0
4.12555318E+1	4.30030962E+0
4.12928536E+1	4.29234406E+0
4.13280185E+1	4.34553493E+0
4.13690670E+1	4.29311505E+0
4.13981611E+1	4.31148365E+0
4.14229656E+1	4.30323722E+0
4.14475770E+1	4.29955744E+0
4.14530595E+1	4.29356020E+0
4.14416192E+1	4.29146321E+0
4.14731312E+1	4.29661758E+0
4.15149224E+1	4.29479797E+0
4.15489215E+1	4.29147184E+0
4.15360797E+1	4.28555659E+0
4.15286965E+1	4.28674310E+0
4.15186545E+1	4.28820144E+0
4.15023697E+1	4.29370347E+0
4.14805069E+1	4.28724403E+0
4.14519952E+1	4.28336456E+0
4.14667292E+1	4.24338695E+0
4.14859836E+1	4.25796333E+0
4.14689695E+1	4.25784976E+0
4.14308575E+1	4.26127904E+0
4.14658193E+1	4.26571535E+0
4.15169047E+1	4.25158858E+0
4.15570918E+1	4.25134878E+0
4.15831750E+1	4.25049322E+0
4.16199253E+1	4.24829426E+0
4.16650820E+1	4.26400789E+0
4.17023465E+1	4.25987901E+0
4.17515258E+1	4.25636441E+0
4.18011638E+1	4.24648816E+0
4.18507815E+1	4.21946672E+0
4.19035248E+1	4.23360385E+0
4.19546038E+1	4.24371978E+0
4.20021572E+1	4.22206191E+0
4.20260916E+1	4.25661781E+0
4.19903067E+1	4.21849890E+0
4.19801308E+1	4.22305376E+0
4.19893451E+1	4.24377740E+0
4.19912896E+1	4.23927667E+0
4.20300460E+1	4.23828899E+0
4.20490925E+1	4.23711032E+0
4.20867979E+1	4.25501775E+0
4.21069113E+1	4.25889596E+0
4.20993550E+1	4.26180921E+0
4.20180330E+1	4.25423748E+0
4.19452209E+1	4.25044430E+0
4.20057222E+1	4.24745907E+0
4.20138426E+1	4.25245106E+0
4.20219126E+1	4.21177650E+0
4.20830065E+1	4.21904916E+0
4.21488475E+1	4.21544198E+0
4.21647051E+1	4.21799917E+0
4.21445779E+1	4.19616152E+0
4.21469891E+1	4.21804123E+0
4.22230672E+1	4.21374144E+0
4.22983775E+1	4.21360790E+0
4.23533802E+1	4.21142954E+0
4.23982549E+1	4.20524023E+0
4.24432164E+1	4.20467407E+0
4.24531270E+1	4.19337901E+0
4.24841492E+1	4.20196039E+0
4.25055297E+1	4.19816909E+0
4.25410689E+1	4.19385643E+0
4.25753686E+1	4.19271621E+0
4.26438436E+1	4.18979438E+0
4.26209400E+1	4.19223410E+0
4.26462933E+1	4.18588544E+0
4.26730152E+1	4.18891973E+0
4.27251374E+1	4.18163406E+0
4.27676355E+1	4.18686934E+0
4.28220432E+1	4.18384052E+0
4.28403181E+1	4.18371359E+0
4.28426586E+1	4.17969733E+0
4.28758655E+1	4.18042942E+0
4.29261381E+1	4.17530943E+0
4.29844706E+1	4.17319498E+0
4.30378261E+1	4.18305258E+0
4.30768363E+1	4.18061909E+0
4.31010321E+1	4.17776169E+0
4.31390849E+1	4.17445284E+0
4.31756746E+1	4.17786852E+0
4.32116892E+1	4.15180238E+0
4.32366732E+1	4.16002809E+0
4.32657661E+1	4.16708229E+0
4.33063029E+1	4.16111944E+0
4.33327625E+1	4.15937622E+0
4.33721825E+1	4.16177795E+0
4.33907775E+1	4.15871994E+0
4.33644029E+1	4.15852289E+0
4.33248613E+1	4.15656739E+0
4.33322668E+1	4.15103270E+0
4.33818912E+1	4.13570541E+0
4.34376416E+1	4.14485832E+0
4.35000501E+1	4.14011127E+0
4.35589068E+1	4.12320457E+0
4.36033729E+1	4.14045966E+0
4.36476534E+1	4.16519681E+0
4.36442993E+1	4.16416104E+0
4.36261274E+1	4.15591392E+0
4.36097897E+1	4.15544080E+0
4.36653312E+1	4.15162558E+0
4.37249523E+1	4.14934773E+0
4.37474767E+1	4.14782733E+0
4.37703575E+1	4.14582758E+0
4.38024605E+1	4.14228146E+0
4.38336565E+1	4.15296034E+0
4.38771971E+1	4.15432531E+0
4.39166961E+1	4.15499915E+0
4.39538331E+1	4.15259690E+0
4.39901447E+1	4.15112128E+0
4.40107030E+1	4.15042478E+0
4.40272513E+1	4.14821238E+0
4.40487481E+1	4.15177361E+0
4.40738068E+1	4.15062705E+0
4.41068063E+1	4.14855483E+0
4.41515725E+1	4.14526080E+0
4.41887764E+1	4.15068255E+0
4.42240667E+1	4.14196082E+0
4.42397043E+1	4.13354950E+0
4.42718072E+1	4.13116832E+0
4.43067974E+1	4.10355350E+0
4.43497150E+1	4.09828905E+0
4.43582014E+1	4.10370216E+0
4.43405914E+1	4.11093945E+0
4.43452589E+1	4.11116574E+0
4.43702801E+1	4.11096262E+0
4.44073625E+1	4.11178780E+0
4.44434608E+1	4.11050581E+0
4.44851318E+1	4.11377649E+0
4.45327180E+1	4.10781141E+0
4.45482042E+1	4.10280632E+0
4.45517433E+1	4.10297528E+0
4.45580717E+1	4.10241553E+0
4.45916440E+1	4.06984952E+0
4.46247732E+1	4.06836697E+0
4.46111137E+1	4.06777409E+0
4.45106965E+1	4.05935201E+0
4.43173159E+1	4.06272746E+0
4.42838037E+1	4.06399985E+0
4.43305358E+1	4.06293464E+0
4.43985272E+1	4.05720051E+0
4.44578153E+1	4.06844394E+0
4.45074069E+1	4.06618799E+0
4.45242097E+1	4.06698874E+0
4.45768910E+1	4.06575652E+0
4.46400190E+1	4.07308329E+0
4.46195465E+1	4.10129991E+0
4.46235076E+1	4.09309137E+0
4.46837944E+1	4.09024340E+0
4.47455053E+1	4.08276420E+0
4.48192197E+1	4.07911281E+0
4.48952309E+1	4.07720606E+0
4.49706866E+1	4.07110521E+0
4.50397441E+1	4.06237593E+0
4.50945941E+1	4.06902676E+0
4.50800580E+1	4.06227650E+0
4.50207500E+1	4.04765459E+0
4.50319253E+1	4.04263399E+0
4.50921095E+1	4.04462418E+0
4.51428840E+1	4.02338246E+0
4.51852884E+1	4.05796867E+0
4.52197329E+1	4.05665669E+0
4.52400955E+1	4.05671402E+0
4.52603266E+1	4.05448600E+0
4.52483992E+1	4.04966269E+0
4.52925047E+1	4.05220100E+0
4.53574364E+1	4.04774021E+0
4.53800258E+1	4.04747639E+0
4.53459467E+1	4.04298138E+0
4.53394569E+1	4.04237157E+0
4.53780210E+1	4.04531176E+0
4.54251662E+1	4.04406095E+0
4.54856845E+1	4.06622340E+0
4.55370052E+1	4.07028220E+0
4.55710131E+1	4.06472445E+0
4.55958327E+1	4.06841613E+0
4.56289332E+1	4.06572637E+0
4.56820836E+1	4.05678694E+0
4.57101616E+1	4.05234789E+0
4.56881963E+1	4.05039028E+0
4.56614287E+1	4.04730292E+0
4.56881566E+1	4.04859533E+0
4.57460255E+1	4.04338071E+0
4.57977612E+1	4.03867425E+0
4.58470353E+1	4.02225991E+0
4.58950477E+1	4.00113136E+0
4.59352136E+1	4.00104868E+0
4.59647694E+1	4.00508046E+0
4.60093604E+1	4.00298300E+0
4.60588833E+1	4.00173362E+0
4.61104048E+1	3.99864861E+0
4.61594064E+1	3.99436220E+0
4.61978796E+1	3.99762229E+0
4.62358247E+1	3.99391283E+0
4.62488503E+1	3.99273005E+0
4.62642100E+1	3.99343822E+0
4.62835675E+1	3.99174379E+0
4.63207598E+1	3.98896402E+0
4.63605383E+1	3.99417658E+0
4.63970997E+1	3.99322341E+0
4.64229054E+1	3.99420039E+0
4.64589177E+1	3.99328463E+0
4.64975664E+1	3.98577398E+0
4.65308338E+1	3.98944941E+0
4.65609165E+1	3.98652724E+0
4.65221666E+1	3.99734630E+0
4.65021643E+1	3.99151509E+0
4.64419941E+1	3.99029981E+0
4.63459262E+1	3.98745135E+0
4.63731421E+1	3.98061692E+0
4.64166294E+1	3.97734258E+0
4.64647167E+1	3.97838295E+0
4.65144975E+1	3.97266728E+0
4.65545265E+1	3.97210553E+0
4.65518736E+1	3.97321498E+0
4.65633109E+1	3.97211322E+0
4.66128203E+1	3.96714171E+0
4.66549457E+1	3.96820818E+0
4.66789221E+1	3.97617812E+0
4.66893498E+1	3.96256998E+0
4.66059365E+1	3.94963900E+0
4.65874330E+1	3.94899542E+0
4.64883705E+1	3.95570741E+0
4.63337454E+1	3.95968975E+0
4.61834114E+1	3.95252467E+0
4.61125299E+1	3.94683515E+0
4.61245106E+1	3.94611429E+0
4.61825636E+1	3.94744012E+0
4.62481555E+1	3.94983522E+0
4.61962614E+1	3.94527825E+0
4.61534312E+1	3.93966918E+0
4.61295472E+1	3.93855772E+0
4.61503479E+1	3.92689374E+0
4.61759209E+1	3.93369975E+0
4.61453974E+1	3.93141744E+0
4.61178684E+1	3.93116448E+0
4.59408328E+1	3.92934482E+0
4.59154583E+1	3.92794552E+0
4.60543195E+1	3.92406932E+0
4.61809266E+1	3.91775431E+0
4.63176121E+1	3.90772702E+0
4.64362932E+1	3.90740292E+0
4.65398979E+1	3.91178789E+0
4.66278504E+1	3.90897426E+0
4.67218043E+1	3.90640998E+0
4.67957561E+1	3.89958145E+0
4.68631996E+1	3.89580217E+0
4.68327133E+1	3.90178698E+0
4.66428832E+1	3.90150193E+0
4.65303615E+1	3.89499847E+0
4.64046251E+1	3.89539047E+0
4.61886269E+1	3.89064356E+0
4.60811760E+1	3.88710356E+0
4.59709124E+1	3.88373945E+0
4.59701195E+1	3.88398702E+0
4.59213753E+1	3.88162958E+0
4.59412841E+1	3.86987629E+0
4.60935874E+1	3.86632828E+0
4.62657183E+1	3.87312288E+0
4.64258918E+1	3.86861386E+0
4.65479665E+1	3.88348335E+0
4.66743560E+1	3.88270285E+0
4.67851033E+1	3.88032126E+0
4.67711694E+1	3.87972993E+0
4.66538573E+1	3.87684566E+0
4.66681556E+1	3.86553219E+0
4.67862129E+1	3.89909922E+0
4.69192904E+1	3.88400774E+0
4.70342334E+1	3.88415968E+0
4.71473289E+1	3.88493096E+0
4.72525863E+1	3.85307874E+0
4.72301084E+1	3.85504889E+0
4.71192204E+1	3.84451775E+0
4.70558247E+1	3.84259195E+0
4.71267432E+1	3.83471770E+0
4.71902642E+1	3.83245335E+0
4.70372740E+1	3.83656917E+0
4.69020599E+1	3.82236129E+0
4.67513784E+1	3.86021596E+0
4.66559754E+1	3.85694511E+0
4.65949058E+1	3.85308544E+0
4.65926785E+1	3.85727599E+0
4.64295515E+1	3.85882918E+0
4.64478817E+1	3.83553567E+0
4.66107342E+1	3.85612734E+0
4.66805866E+1	3.85429114E+0
4.66840098E+1	3.85491126E+0
4.67917101E+1	3.88097865E+0
4.68675951E+1	3.87324804E+0
4.68660873E+1	3.86506371E+0
4.69515874E+1	3.86486677E+0
4.70939268E+1	3.88592355E+0
4.71434092E+1	3.87819025E+0
4.72653097E+1	3.88524834E+0
4.73070736E+1	3.88315970E+0
4.72595005E+1	3.83381723E+0
4.72593732E+1	3.85980649E+0
4.72837210E+1	3.87557462E+0
4.73250110E+1	3.87480986E+0
4.74487306E+1	3.88239708E+0
4.75369317E+1	3.87941970E+0
4.75757027E+1	3.87996082E+0
4.76081767E+1	3.87794863E+0
4.76994031E+1	3.87881188E+0
4.78060479E+1	3.86688935E+0
4.79132508E+1	3.87376680E+0
4.80144964E+1	3.85949941E+0
4.81122306E+1	3.86230955E+0
4.82018184E+1	3.85153255E+0
4.82877613E+1	3.84829437E+0
4.83668673E+1	3.84696946E+0
4.84368496E+1	3.82837054E+0
4.85030031E+1	3.84133230E+0
4.85707177E+1	3.84014871E+0
4.86461525E+1	3.84702468E+0
4.86996568E+1	3.84623139E+0
4.87478384E+1	3.85641820E+0
4.87911621E+1	3.85343332E+0
4.88240040E+1	3.85337033E+0
4.88665708E+1	3.85201841E+0
4.89091106E+1	3.85039935E+0
4.89393866E+1	3.84868451E+0
4.89272548E+1	3.85069070E+0
4.87794659E+1	3.84499277E+0
4.85611100E+1	3.84420810E+0
4.84093039E+1	3.83915552E+0
4.83830302E+1	3.82733315E+0
4.83899714E+1	3.81834767E+0
4.83863436E+1	3.79216982E+0
4.83987109E+1	3.79028550E+0
4.84908775E+1	3.79167426E+0
4.85757366E+1	3.78540572E+0
4.86926952E+1	3.78043755E+0
4.87954591E+1	3.82616187E+0
4.88841462E+1	3.82136397E+0
4.89610911E+1	3.81060608E+0
4.90373464E+1	3.82981642E+0
4.91105149E+1	3.81338659E+0
4.91287316E+1	3.81454368E+0
4.90526591E+1	3.81614849E+0
4.90961273E+1	3.80788531E+0
4.91784223E+1	3.76982082E+0
4.92535723E+1	3.79583695E+0
4.91987813E+1	3.78175420E+0
4.91882371E+1	3.75995412E+0
4.91715587E+1	3.80237441E+0
4.92333601E+1	3.79891995E+0
4.93096271E+1	3.79396203E+0
4.93488250E+1	3.80633062E+0
4.94137388E+1	3.80448559E+0
4.94962200E+1	3.81072032E+0
4.95224842E+1	3.80785519E+0
4.94352549E+1	3.80338073E+0
4.94185915E+1	3.80113223E+0
4.94248531E+1	3.78950654E+0
4.94570154E+1	3.79273311E+0
4.94985917E+1	3.78892688E+0
4.95762404E+1	3.79016785E+0
4.96637100E+1	3.78774192E+0
4.97481373E+1	3.77924296E+0
4.98257947E+1	3.78390612E+0
4.99034222E+1	3.77813221E+0
4.99867486E+1	3.77875558E+0
5.00567510E+1	3.77839852E+0
5.01314532E+1	3.77133672E+0
5.00974917E+1	3.76291213E+0
5.00570840E+1	3.76080690E+0
5.00735250E+1	3.75526866E+0
4.99804523E+1	3.75595481E+0
4.98823662E+1	3.75464667E+0
4.99472215E+1	3.74897567E+0
5.00578212E+1	3.74195375E+0
5.01711337E+1	3.74719400E+0
5.02668727E+1	3.75386106E+0
5.03437234E+1	3.75862538E+0
5.03907692E+1	3.75542782E+0
5.03929548E+1	3.75379398E+0
5.04412135E+1	3.74742433E+0
5.05222316E+1	3.74766195E+0
5.05999804E+1	3.73463388E+0
5.06750580E+1	3.73287789E+0
5.07446940E+1	3.73173224E+0
5.08100516E+1	3.73211788E+0
5.08749126E+1	3.73091261E+0
5.09442905E+1	3.70676842E+0
5.10093872E+1	3.72059930E+0
5.10737130E+1	3.71826408E+0
5.11344761E+1	3.71925662E+0
5.11554448E+1	3.71741401E+0
5.11657501E+1	3.71508444E+0
5.10663116E+1	3.72123185E+0
5.10251289E+1	3.71635922E+0
5.10921256E+1	3.72044667E+0
5.11683528E+1	3.71415512E+0
5.12318489E+1	3.71305844E+0
5.12502344E+1	3.69792182E+0
5.12673833E+1	3.71210772E+0
5.13091081E+1	3.70588661E+0
5.13594913E+1	3.69932929E+0
5.14383931E+1	3.69259215E+0
5.15027776E+1	3.69037363E+0
5.15480350E+1	3.68653988E+0
5.15551543E+1	3.64974470E+0
5.15018188E+1	3.67643673E+0
5.14860635E+1	3.72218209E+0
5.15416265E+1	3.71984069E+0
5.15837499E+1	3.71761353E+0
5.16170141E+1	3.71246893E+0
5.16605724E+1	3.71487335E+0
5.16779269E+1	3.70879803E+0
5.17383643E+1	3.70184608E+0
5.17987771E+1	3.69487681E+0
5.17436183E+1	3.67716138E+0
5.17537203E+1	3.67396257E+0
5.17542248E+1	3.67106277E+0
5.17748274E+1	3.66285252E+0
5.17865413E+1	3.65809518E+0
5.16039454E+1	3.65688134E+0
5.15824569E+1	3.65648117E+0
5.16209374E+1	3.64970660E+0
5.17295069E+1	3.63041840E+0
5.17605756E+1	3.62647634E+0
5.18675344E+1	3.62695897E+0
5.18918930E+1	3.61963271E+0
5.18116235E+1	3.62024562E+0
5.18685788E+1	3.61237352E+0
5.19737536E+1	3.60319436E+0
5.20836247E+1	3.60908511E+0
5.21895421E+1	3.60378175E+0
5.22674450E+1	3.59546633E+0
5.22926770E+1	3.59657216E+0
5.23549656E+1	3.58727934E+0
5.24521740E+1	3.59347771E+0
5.25373281E+1	3.59000414E+0
5.26084212E+1	3.58361372E+0
5.26696404E+1	3.58497205E+0
5.27313337E+1	3.56259615E+0
5.27832800E+1	3.57081081E+0
5.28676728E+1	3.55206731E+0
5.29582827E+1	3.55513355E+0
5.30452599E+1	3.55515907E+0
5.31097154E+1	3.54226838E+0
5.31951068E+1	3.53235971E+0
5.32708727E+1	3.53737304E+0
5.33414735E+1	3.54714227E+0
5.33870127E+1	3.52728854E+0
5.34186336E+1	3.53216546E+0
5.34791344E+1	3.54281286E+0
5.35059343E+1	3.54222770E+0
5.35610288E+1	3.55379365E+0
5.36193534E+1	3.54746302E+0
5.36769471E+1	3.54241875E+0
5.37447666E+1	3.53773659E+0
5.38141869E+1	3.53501027E+0
5.38807235E+1	3.53655467E+0
5.39063654E+1	3.52212176E+0
5.38974927E+1	3.51542547E+0
5.39120834E+1	3.51122101E+0
5.39621053E+1	3.52252108E+0
5.39899272E+1	3.51872979E+0
5.40203666E+1	3.52024420E+0
5.40660398E+1	3.52666459E+0
5.41147469E+1	3.52578815E+0
5.41686551E+1	3.52972815E+0
5.42516663E+1	3.52488247E+0
5.43227640E+1	3.52529923E+0
5.43954787E+1	3.51997356E+0
5.44811448E+1	3.50260613E+0
5.45711657E+1	3.50371807E+0
5.46640759E+1	3.49226192E+0
5.47181972E+1	3.48127935E+0
5.47735760E+1	3.47471488E+0
5.48186133E+1	3.47371262E+0
5.48812583E+1	3.47284453E+0
5.49461674E+1	3.47362227E+0
5.50023062E+1	3.46983356E+0
5.50530894E+1	3.46542399E+0
5.51092788E+1	3.46053957E+0
5.51239658E+1	3.46061326E+0
5.51039008E+1	3.46779498E+0
5.50447447E+1	3.46707972E+0
5.49540986E+1	3.47129310E+0
5.48236328E+1	3.47586185E+0
5.47949564E+1	3.47870020E+0
5.48036701E+1	3.47225920E+0
5.47976485E+1	3.47129625E+0
5.47064962E+1	3.46757671E+0
5.44821112E+1	3.46385059E+0
5.41346334E+1	3.46160695E+0
5.40051086E+1	3.45878302E+0
5.39970360E+1	3.46115042E+0
5.39982080E+1	3.45947328E+0
5.40401103E+1	3.44995620E+0
5.41640953E+1	3.44858741E+0
5.42596628E+1	3.44331283E+0
5.43909001E+1	3.43782243E+0
5.44871342E+1	3.43370158E+0
5.45843486E+1	3.42842248E+0
5.46408550E+1	3.42531796E+0
5.44776907E+1	3.42359099E+0
5.42451879E+1	3.41761381E+0
5.42632716E+1	3.41102313E+0
5.43968883E+1	3.41020997E+0
5.44531400E+1	3.40258688E+0
5.44193162E+1	3.39921493E+0
5.44765328E+1	3.38907906E+0
5.46440996E+1	3.39518488E+0
5.48432473E+1	3.38922616E+0
5.50401390E+1	3.38116141E+0
5.51975690E+1	3.38073109E+0
5.53349035E+1	3.37329475E+0
5.54489817E+1	3.37117894E+0
5.55660577E+1	3.36551851E+0
5.56550835E+1	3.35261718E+0
5.57712758E+1	3.34944224E+0
5.58775344E+1	3.34246650E+0
5.59767320E+1	3.33338742E+0
5.60581563E+1	3.32988885E+0
5.61268785E+1	3.31845400E+0
5.62182081E+1	3.33747888E+0
5.63068204E+1	3.34101842E+0
5.63665688E+1	3.33520309E+0
5.64028539E+1	3.32655439E+0
5.64745142E+1	3.32170099E+0
5.65041580E+1	3.32158181E+0
5.65512584E+1	3.32071177E+0
5.66225673E+1	3.32201733E+0
5.66906311E+1	3.30255586E+0
5.67242633E+1	3.28561556E+0
5.66456858E+1	3.27024459E+0
5.66611188E+1	3.28694950E+0
5.67333820E+1	3.27113179E+0
5.67984250E+1	3.28874894E+0
5.68934199E+1	3.29030042E+0
5.69847795E+1	3.29462531E+0
5.70633496E+1	3.28526930E+0
5.69994315E+1	3.29117818E+0
5.70514847E+1	3.30082141E+0
5.71362544E+1	3.29881849E+0
5.71544610E+1	3.29027661E+0
5.72036891E+1	3.26264813E+0
5.72594596E+1	3.25633748E+0
5.72353493E+1	3.24944716E+0
5.70412432E+1	3.25898186E+0
5.69580442E+1	3.24913659E+0
5.69115770E+1	3.26500715E+0
5.68404103E+1	3.25790868E+0
5.67073018E+1	3.25898201E+0
5.65988776E+1	3.25847724E+0
5.65722022E+1	3.26096361E+0
5.65206615E+1	3.26112954E+0
5.64297727E+1	3.26156811E+0
5.63245486E+1	3.26722552E+0
5.63889698E+1	3.26562339E+0
5.65488267E+1	3.26199037E+0
5.67070998E+1	3.25545663E+0
5.68413834E+1	3.24418844E+0
5.68945344E+1	3.21220788E+0
5.68120117E+1	3.24760479E+0
5.68301556E+1	3.27700333E+0
5.68930841E+1	3.27067831E+0
5.69038402E+1	3.26512555E+0
5.66976263E+1	3.25694346E+0
5.66275350E+1	3.24076392E+0
5.65474884E+1	3.24312829E+0
5.66394111E+1	3.24056470E+0
5.64121592E+1	3.23679830E+0
5.65443249E+1	3.23741441E+0
5.66945119E+1	3.23292167E+0
5.68021139E+1	3.22997398E+0
5.70121110E+1	3.22448662E+0
5.72115124E+1	3.21929868E+0
5.73755420E+1	3.21455038E+0
5.75320189E+1	3.21230612E+0
5.76968908E+1	3.20899716E+0
5.78421722E+1	3.20459583E+0
5.79749934E+1	3.20074744E+0
5.80708739E+1	3.19578996E+0
5.81654489E+1	3.19298669E+0
5.82521951E+1	3.19345987E+0
5.81694929E+1	3.18716035E+0
5.81970515E+1	3.18587864E+0
5.82938838E+1	3.18147943E+0
5.84039719E+1	3.17524041E+0
5.85371741E+1	3.17483838E+0
5.86661496E+1	3.16972327E+0
5.87696445E+1	3.16909297E+0
5.88404599E+1	3.16873033E+0
5.89389900E+1	3.16066198E+0
5.90536768E+1	3.15741500E+0
5.91289825E+1	3.15310927E+0
5.91798476E+1	3.14941382E+0
5.92618175E+1	3.14533625E+0
5.92869538E+1	3.13521126E+0
5.92942620E+1	3.13077840E+0
5.93310898E+1	3.12424643E+0
5.94171788E+1	3.12229959E+0
5.94868473E+1	3.11736411E+0
5.95476599E+1	3.11439388E+0
5.95991275E+1	3.11177693E+0
5.96238295E+1	3.11248247E+0
5.95946133E+1	3.10133667E+0
5.94991045E+1	3.09634549E+0
5.95140496E+1	3.09692349E+0
5.95073263E+1	3.08869631E+0
5.95470309E+1	3.08608430E+0
5.96276134E+1	3.05202381E+0
5.97186171E+1	3.05146063E+0
5.97619660E+1	3.04662108E+0
5.97485942E+1	3.04906112E+0
5.96812711E+1	3.01827343E+0
5.97017172E+1	3.05464492E+0
5.97477083E+1	3.06367634E+0
5.97274592E+1	3.00754541E+0
5.96050538E+1	3.02294234E+0
5.95436346E+1	3.02577012E+0
5.93605723E+1	3.02203296E+0
5.92263387E+1	3.01721122E+0
5.89936119E+1	3.01851976E+0
5.88598809E+1	3.02416378E+0
5.89185203E+1	3.01706428E+0
5.89214523E+1	3.00910276E+0
5.89116628E+1	2.99082754E+0
5.90488784E+1	3.00342796E+0
5.91883690E+1	3.00854170E+0
5.93593092E+1	3.00229475E+0
5.94509947E+1	3.00411555E+0
5.96088412E+1	2.97597115E+0
5.97625924E+1	2.97182082E+0
5.97542234E+1	2.96965942E+0
5.97110162E+1	2.98856354E+0
5.95719746E+1	2.98874343E+0
5.95319234E+1	2.98374819E+0
5.95844726E+1	2.98479073E+0
5.97318469E+1	2.97840982E+0
5.97001396E+1	2.96067936E+0
5.96100418E+1	2.97784428E+0
5.95333864E+1	2.97347339E+0
5.90768160E+1	2.97189764E+0
5.89431013E+1	2.97537103E+0
5.89524691E+1	2.96323453E+0
5.89061627E+1	2.96388571E+0
5.88277793E+1	2.95895770E+0
5.89342680E+1	2.95746795E+0
5.88465260E+1	2.93699385E+0
5.88845376E+1	2.92819616E+0
5.89874353E+1	2.94942101E+0
5.90440623E+1	2.95995144E+0
5.92842398E+1	2.97170791E+0
5.95138622E+1	2.96448346E+0
5.97650877E+1	2.96706729E+0
5.99507181E+1	2.99310439E+0
6.01811894E+1	3.00480931E+0
6.04109984E+1	2.98939109E+0
6.05682030E+1	2.96989213E+0
6.07394392E+1	2.97135779E+0
6.09134021E+1	2.96814677E+0
6.10826594E+1	2.96122823E+0
6.12320970E+1	2.95175263E+0
6.14022612E+1	2.93219021E+0
6.15545473E+1	2.92935548E+0
6.17026259E+1	2.92726387E+0
6.18194074E+1	2.92104952E+0
6.19257164E+1	2.90389008E+0
6.20302799E+1	2.86947246E+0
6.21441233E+1	2.86988499E+0
6.22383346E+1	2.85971079E+0
6.21978644E+1	2.85637877E+0
6.21539456E+1	2.87387544E+0
6.22154469E+1	2.87140918E+0
6.21893795E+1	2.86490634E+0
6.20132410E+1	2.87642685E+0
6.18043793E+1	2.86507187E+0
6.18016838E+1	2.86021086E+0
6.19259037E+1	2.84321180E+0
6.20838995E+1	2.83312217E+0
6.22499516E+1	2.80725150E+0
6.23929943E+1	2.80830789E+0
6.24805614E+1	2.82817980E+0
6.25359854E+1	2.82669314E+0
6.25779077E+1	2.80729808E+0
6.25157216E+1	2.82256748E+0
6.23649384E+1	2.81789208E+0
6.23752688E+1	2.84090775E+0
6.24599445E+1	2.83684256E+0
6.25738690E+1	2.83675547E+0
6.27293197E+1	2.80408102E+0
6.28780985E+1	2.79437691E+0
6.29749785E+1	2.79087108E+0
6.30774376E+1	2.78856588E+0
6.31761873E+1	2.78676865E+0
6.32743776E+1	2.77975921E+0
6.33624323E+1	2.77238725E+0
6.34061914E+1	2.78443787E+0
6.34819067E+1	2.78266295E+0
6.35580351E+1	2.78284261E+0
6.36410538E+1	2.78052775E+0
6.37412798E+1	2.77920250E+0
6.38103704E+1	2.77577785E+0
6.38950511E+1	2.77283085E+0
6.39811375E+1	2.76926615E+0
6.40446412E+1	2.76440153E+0
6.40971910E+1	2.76279392E+0
6.40580555E+1	2.75596294E+0
6.38256899E+1	2.75722675E+0
6.34305260E+1	2.75082095E+0
6.32577086E+1	2.73995391E+0
6.31978150E+1	2.72812558E+0
6.31625829E+1	2.71948479E+0
6.32179400E+1	2.70201639E+0
6.34046407E+1	2.70341275E+0
6.35785369E+1	2.70992704E+0
6.36338104E+1	2.74044551E+0
6.37667105E+1	2.72508978E+0
6.38803135E+1	2.70499555E+0
6.40198601E+1	2.71261056E+0
6.40963787E+1	2.71041654E+0
6.42071243E+1	2.70357342E+0
6.43278488E+1	2.70502060E+0
6.44354573E+1	2.69500918E+0
6.45519050E+1	2.68153528E+0
6.46438829E+1	2.68229572E+0
6.47138786E+1	2.67633432E+0
6.47517237E+1	2.67519738E+0
6.48049022E+1	2.66296991E+0
6.48617139E+1	2.65372205E+0
6.48853484E+1	2.62770377E+0
6.48871908E+1	2.64057150E+0
6.49262855E+1	2.67355801E+0
6.49228627E+1	2.67186526E+0
6.49853414E+1	2.66426581E+0
6.50591022E+1	2.65205424E+0
6.51355150E+1	2.64642052E+0
6.51883098E+1	2.64176418E+0
6.52208061E+1	2.64112610E+0
6.51812689E+1	2.63862350E+0
6.51230560E+1	2.63223905E+0
6.49994214E+1	2.61902499E+0
6.49533240E+1	2.62491006E+0
6.49374291E+1	2.62162405E+0
6.49341803E+1	2.61736548E+0
6.49227384E+1	2.61071376E+0
6.48720438E+1	2.61225924E+0
6.48775507E+1	2.60969258E+0
6.47989092E+1	2.60837379E+0
6.48639303E+1	2.59729157E+0
6.49537335E+1	2.61768082E+0
6.50599021E+1	2.60656214E+0
6.51732548E+1	2.60387609E+0
6.52810823E+1	2.59830148E+0
6.53491906E+1	2.59721603E+0
6.54365262E+1	2.59379979E+0
6.55719916E+1	2.58799220E+0
6.56926972E+1	2.58386848E+0
6.58274484E+1	2.58553032E+0
6.58839098E+1	2.57790632E+0
6.58060233E+1	2.57821878E+0
6.56058941E+1	2.54439216E+0
6.56419390E+1	2.55573157E+0
6.57408322E+1	2.55193634E+0
6.58554943E+1	2.54819019E+0
6.59528815E+1	2.54000353E+0
6.60155395E+1	2.53902472E+0
6.59783872E+1	2.53334346E+0
6.60203015E+1	2.52060258E+0
6.60956662E+1	2.49885964E+0
6.61783844E+1	2.48593436E+0
6.62813101E+1	2.54141918E+0
6.63674479E+1	2.55128555E+0
6.64710605E+1	2.53300514E+0
6.65641033E+1	2.50245548E+0
6.66251500E+1	2.49880569E+0
6.67019698E+1	2.49482204E+0
6.67779652E+1	2.49325911E+0
6.68440323E+1	2.48675948E+0
6.68948207E+1	2.50616575E+0
6.69445960E+1	2.48114461E+0
6.69930631E+1	2.46911322E+0
6.70159097E+1	2.47209735E+0
6.70559642E+1	2.48196956E+0
6.71147379E+1	2.47747548E+0
6.71753118E+1	2.47927248E+0
6.72141664E+1	2.48662473E+0
6.72644292E+1	2.46528723E+0
6.73483538E+1	2.47635046E+0
6.74199258E+1	2.47249515E+0
6.74761387E+1	2.44668652E+0
6.75333628E+1	2.46655252E+0
6.75640868E+1	2.44679866E+0
6.76010937E+1	2.45163046E+0
6.76550340E+1	2.44966702E+0
6.76420910E+1	2.44298334E+0
6.75907461E+1	2.43994520E+0
6.76190184E+1	2.43488857E+0
6.76760309E+1	2.43610677E+0
6.77688506E+1	2.42742841E+0
6.78518010E+1	2.42516658E+0
6.79307301E+1	2.45047938E+0
6.79831002E+1	2.43818536E+0
6.80297266E+1	2.44034357E+0
6.81065938E+1	2.45275093E+0
6.81705958E+1	2.39203314E+0
6.82173621E+1	2.38538886E+0
6.82311751E+1	2.38710653E+0
6.81568852E+1	2.37025624E+0
6.80739289E+1	2.44562815E+0
6.79864724E+1	2.43707828E+0
6.79965061E+1	2.43220772E+0
6.79834115E+1	2.42846598E+0
6.80116588E+1	2.42490356E+0
6.80343672E+1	2.41824195E+0
6.80864729E+1	2.38227399E+0
6.81684655E+1	2.37387443E+0
6.82813012E+1	2.36899242E+0
6.83861934E+1	2.35153403E+0
6.84899679E+1	2.35497247E+0
6.85852158E+1	2.35788256E+0
6.86562258E+1	2.35579661E+0
6.87412862E+1	2.34192056E+0
6.88289378E+1	2.34881270E+0
6.89016767E+1	2.35257807E+0
6.89669777E+1	2.34931626E+0
6.90152078E+1	2.35190775E+0
6.90855045E+1	2.32623805E+0
6.91428992E+1	2.34983480E+0
6.91994275E+1	2.34802921E+0
6.92642713E+1	2.34786712E+0
6.93275323E+1	2.33868466E+0
6.93717190E+1	2.33659703E+0
6.93990235E+1	2.32397088E+0
6.94416459E+1	2.30445196E+0
6.94975944E+1	2.30182022E+0
6.95328192E+1	2.29226219E+0
6.95616481E+1	2.25840273E+0
6.96119321E+1	2.25859459E+0
6.96812824E+1	2.25583812E+0
6.96820230E+1	2.26791060E+0
6.95884584E+1	2.31076067E+0
6.95848393E+1	2.29171247E+0
6.96364627E+1	2.29358522E+0
6.97038775E+1	2.29087001E+0
6.97521971E+1	2.28844752E+0
6.97842160E+1	2.27577170E+0
6.97723668E+1	2.27738646E+0
6.97876499E+1	2.27282182E+0
6.98074057E+1	2.26337720E+0
6.98169424E+1	2.26033057E+0
6.98202717E+1	2.25543753E+0
6.98609047E+1	2.25076568E+0
6.99533408E+1	2.24479393E+0
7.00497227E+1	2.24214314E+0
7.01100767E+1	2.22939190E+0
7.01689145E+1	2.23138859E+0
7.02017265E+1	2.22726488E+0
7.02436859E+1	2.21932951E+0
7.02966915E+1	2.21963408E+0
7.03473840E+1	2.19139467E+0
7.04037498E+1	2.22493977E+0
7.04637954E+1	2.22617181E+0
7.05262258E+1	2.21968924E+0
7.05799768E+1	2.19314109E+0
7.06296919E+1	2.18005440E+0
7.06733586E+1	2.17707490E+0
7.06997872E+1	2.17726789E+0
7.07005493E+1	2.17381344E+0
7.06706034E+1	2.16534264E+0
7.06253036E+1	2.16626285E+0
7.05426863E+1	2.15801766E+0
7.05726109E+1	2.17890829E+0
7.06158127E+1	2.16783287E+0
7.06282252E+1	2.16473173E+0
7.06493507E+1	2.16963279E+0
7.06791030E+1	2.16230077E+0
7.07127186E+1	2.15243320E+0
7.07871253E+1	2.14283569E+0
7.08552322E+1	2.17356591E+0
7.09401784E+1	2.17436448E+0
7.10217263E+1	2.16440268E+0
7.10652112E+1	2.15980573E+0
7.09743534E+1	2.15773313E+0
7.09176322E+1	2.15005654E+0
7.09654579E+1	2.14582658E+0
7.10067927E+1	2.14438850E+0
7.10900715E+1	2.13904063E+0
7.11576396E+1	2.13987457E+0
7.11875947E+1	2.13794036E+0
7.11805606E+1	2.11807551E+0
7.12209205E+1	2.10761157E+0
7.13012574E+1	2.10176798E+0
7.13885593E+1	2.09873402E+0
7.14502722E+1	2.09231243E+0
7.15038871E+1	2.10055900E+0
7.15850858E+1	2.09480495E+0
7.16605483E+1	2.08896898E+0
7.17230469E+1	2.08358393E+0
7.17812697E+1	2.07749768E+0
7.18316926E+1	2.07753579E+0
7.18741888E+1	2.06927892E+0
7.19193453E+1	2.05967935E+0
7.19548184E+1	2.06160040E+0
7.19944615E+1	2.05671370E+0
7.20220892E+1	2.07161599E+0
7.20720755E+1	2.04608211E+0
7.21023001E+1	2.02910664E+0
7.21164739E+1	2.03501477E+0
7.21215150E+1	2.03932123E+0
7.21566172E+1	2.02741229E+0
7.21556317E+1	2.03608049E+0
7.21592029E+1	2.01550472E+0
7.22028606E+1	2.04991643E+0
7.22331193E+1	2.00095609E+0
7.22393253E+1	1.98835883E+0
7.22697195E+1	1.99858097E+0
7.23152416E+1	2.02763051E+0
7.23105926E+1	1.99619979E+0
7.23666138E+1	1.97769310E+0
7.24242200E+1	1.99187697E+0
7.24837966E+1	1.97775666E+0
7.25514796E+1	1.94948006E+0
7.25779143E+1	1.97411351E+0
7.25936684E+1	1.98939898E+0
7.26649178E+1	1.98759345E+0
7.27282712E+1	1.98473365E+0
7.27824246E+1	1.97971530E+0
7.28240926E+1	1.96616350E+0
7.28693507E+1	1.99630526E+0
7.29214786E+1	1.99963206E+0
7.29486316E+1	1.99704575E+0
7.28886106E+1	1.98881921E+0
7.28537933E+1	1.98547102E+0
7.28859458E+1	1.97847756E+0
7.29005565E+1	1.97500480E+0
7.29541892E+1	1.97061606E+0
7.30294831E+1	1.96703796E+0
7.31158940E+1	1.93383473E+0
7.31980226E+1	1.88833522E+0
7.32684171E+1	1.92858129E+0
7.33333905E+1	1.91998765E+0
7.34016941E+1	1.93560668E+0
7.34553120E+1	1.95007959E+0
7.35019840E+1	1.93462420E+0
7.35340258E+1	1.92929626E+0
7.35813836E+1	1.92572674E+0
7.35830492E+1	1.92206980E+0
7.35660466E+1	1.91689195E+0
7.36069048E+1	1.91313179E+0
7.36157775E+1	1.89860102E+0
7.36196727E+1	1.85554738E+0
7.36097439E+1	1.84164645E+0
7.35346902E+1	1.84458280E+0
7.34372842E+1	1.84509535E+0
7.34588075E+1	1.86539035E+0
7.35025177E+1	1.86394966E+0
7.35110772E+1	1.86176679E+0
7.35450986E+1	1.85785369E+0
7.36005760E+1	1.86872272E+0
7.35810489E+1	1.86440041E+0
7.34972637E+1	1.85646693E+0
7.33649535E+1	1.85273452E+0
7.31758249E+1	1.85149041E+0
7.30339555E+1	1.82830971E+0
7.27950568E+1	1.79647843E+0
7.26879364E+1	1.80343230E+0
7.27158843E+1	1.81528356E+0
7.28332797E+1	1.79738371E+0
7.29904694E+1	1.78906288E+0
7.31356819E+1	1.78628174E+0
7.32777159E+1	1.77903433E+0
7.34039066E+1	1.78268313E+0
7.34219789E+1	1.77898321E+0
7.35062203E+1	1.78001100E+0
7.36419571E+1	1.78762442E+0
7.37554081E+1	1.78575642E+0
7.38039203E+1	1.76985371E+0
7.38597364E+1	1.77182465E+0
7.39327218E+1	1.76823568E+0
7.40268160E+1	1.73833323E+0
7.41057657E+1	1.73375956E+0
7.41899818E+1	1.72132606E+0
7.42439559E+1	1.73284487E+0
7.42011717E+1	1.73204144E+0
7.41195452E+1	1.72189949E+0
7.40326592E+1	1.71915716E+0
7.40350107E+1	1.71363341E+0
7.41641824E+1	1.69854026E+0
7.43001666E+1	1.70238155E+0
7.43463474E+1	1.71673180E+0
7.43122680E+1	1.70698554E+0
7.41195432E+1	1.69372171E+0
7.40220753E+1	1.68448153E+0
7.40220647E+1	1.67335354E+0
7.40735910E+1	1.68956087E+0
7.41965377E+1	1.68444376E+0
7.43030508E+1	1.68932330E+0
7.44002891E+1	1.69180204E+0
7.44444368E+1	1.65678689E+0
7.45240199E+1	1.66198215E+0
7.46318939E+1	1.65413507E+0
7.47343777E+1	1.64608985E+0
7.48142187E+1	1.64994840E+0
7.48510474E+1	1.65992925E+0
7.46956550E+1	1.65056920E+0
7.45783210E+1	1.64853103E+0
7.45557861E+1	1.64412175E+0
7.44672078E+1	1.64201962E+0
7.44533493E+1	1.64268001E+0
7.45126043E+1	1.63471329E+0
7.45726264E+1	1.63444175E+0
7.46399809E+1	1.63206314E+0
7.45839592E+1	1.62656812E+0
7.44834500E+1	1.61294995E+0
7.45213676E+1	1.59761334E+0
7.45273281E+1	1.59719841E+0
7.46233865E+1	1.58842889E+0
7.47592821E+1	1.59448045E+0
7.48947923E+1	1.59031011E+0
7.50342215E+1	1.55686853E+0
7.51379036E+1	1.57738415E+0
7.50624546E+1	1.57046810E+0
7.47083632E+1	1.56240406E+0
7.43879741E+1	1.55238200E+0
7.39741340E+1	1.53995742E+0
7.39369452E+1	1.53985158E+0
7.38808461E+1	1.47976180E+0
7.38610741E+1	1.53984232E+0
7.38235259E+1	1.54730312E+0
7.38527349E+1	1.55057391E+0
7.40495317E+1	1.53964824E+0
7.42648795E+1	1.53830663E+0
7.44720175E+1	1.53407301E+0
7.45813625E+1	1.52902828E+0
7.46673983E+1	1.51675768E+0
7.47961743E+1	1.52192645E+0
7.49641658E+1	1.51831208E+0
7.50600316E+1	1.51382176E+0
7.49474946E+1	1.52651195E+0
7.46794765E+1	1.50113132E+0
7.45956073E+1	1.49642920E+0
7.46189307E+1	1.49135644E+0
7.45078798E+1	1.48649664E+0
7.45234039E+1	1.47910518E+0
7.47052501E+1	1.47358241E+0
7.48858123E+1	1.47489066E+0
7.50345532E+1	1.48285875E+0
7.51737252E+1	1.47614473E+0
7.53309247E+1	1.46037105E+0
7.54131714E+1	1.45696243E+0
7.54268559E+1	1.45847758E+0
7.52733032E+1	1.44693701E+0
7.51167458E+1	1.43674829E+0
7.52108027E+1	1.43390308E+0
7.54027079E+1	1.43332084E+0
7.55730582E+1	1.43155634E+0
7.56905644E+1	1.42091864E+0
7.57931905E+1	1.41447761E+0
7.59322192E+1	1.41120682E+0
7.57973202E+1	1.37450659E+0
7.54805263E+1	1.39309264E+0
7.48739383E+1	1.35805215E+0
7.46430493E+1	1.35250318E+0
7.48897249E+1	1.34825874E+0
7.49647486E+1	1.34417405E+0
7.51348521E+1	1.33394975E+0
7.53202369E+1	1.32951287E+0
7.53935445E+1	1.31944044E+0
7.55331518E+1	1.34600317E+0
7.56360285E+1	1.33790994E+0
7.56469299E+1	1.32453113E+0
7.57324644E+1	1.31379775E+0
7.58026165E+1	1.28928379E+0
7.57967307E+1	1.28648292E+0
7.58271256E+1	1.30289171E+0
7.59543881E+1	1.29285152E+0
7.61409486E+1	1.29355128E+0
7.63099069E+1	1.30787040E+0
7.64510074E+1	1.30312372E+0
7.66106267E+1	1.28280144E+0
7.67529912E+1	1.26153440E+0
7.68588918E+1	1.22727498E+0
7.69594771E+1	1.24173754E+0
7.70547364E+1	1.24139683E+0
7.71341222E+1	1.23245812E+0
7.71972952E+1	1.23683542E+0
7.72309140E+1	1.19044558E+0
7.73026978E+1	1.17934574E+0
7.74008656E+1	1.23578229E+0
7.74284533E+1	1.22159356E+0
7.74758021E+1	1.15502111E+0
7.74347797E+1	1.17371587E+0
7.74781754E+1	1.16591216E+0
7.75478200E+1	1.16445921E+0
7.76051188E+1	1.18476392E+0
7.76501588E+1	1.14542567E+0
7.76288349E+1	1.16712023E+0
7.75610519E+1	1.15675414E+0
7.73716505E+1	1.16611319E+0
7.72140622E+1	1.16352538E+0
7.72753662E+1	1.15673000E+0
7.73893368E+1	1.16699012E+0
7.74929299E+1	1.14146154E+0
7.75939183E+1	1.12395592E+0
7.76994913E+1	1.11486690E+0
7.77928803E+1	1.07620982E+0
7.78748831E+1	1.11700417E+0
7.78965945E+1	1.09674248E+0
7.79207643E+1	1.09611193E+0
7.79720763E+1	1.11237904E+0
7.80764492E+1	1.09041127E+0
7.81933044E+1	1.06971932E+0
7.82920544E+1	1.05777406E+0
7.83740699E+1	1.06767698E+0
7.83691487E+1	1.05400452E+0
7.84135922E+1	1.08705123E+0
7.84597709E+1	1.07388737E+0
7.85183470E+1	1.03711924E+0
7.85213303E+1	1.03283349E+0
7.85313463E+1	1.01869941E+0
7.85172575E+1	1.02252013E+0
7.84963949E+1	1.02863063E+0
7.85465630E+1	1.00289416E+0
7.85997611E+1	1.00402453E+0
7.86092645E+1	9.92494509E-1
7.86330353E+1	9.78909708E-1
7.86031698E+1	9.61737488E-1
7.86298203E+1	9.51344338E-1
7.86826811E+1	9.58166148E-1
7.87579062E+1	9.50073559E-1
7.88329594E+1	9.40969211E-1
7.88938240E+1	9.32640546E-1
7.89543186E+1	9.21770611E-1
7.89936913E+1	9.14995947E-1
7.90371572E+1	9.04856895E-1
7.90263343E+1	8.74096269E-1
7.90083770E+1	8.82372352E-1
7.90360332E+1	8.84212320E-1
7.90630797E+1	8.52626689E-1
7.91171076E+1	8.45168815E-1
7.91819808E+1	8.36309753E-1
7.92462670E+1	8.25276978E-1
7.92880188E+1	8.11002545E-1
7.92975463E+1	7.99452247E-1
7.92521305E+1	7.88581452E-1
7.92380809E+1	7.77959086E-1
7.92391153E+1	7.57529301E-1
7.92991170E+1	7.49046725E-1
7.93491718E+1	7.33037316E-1
7.93704155E+1	7.22480755E-1
7.94019499E+1	7.09008956E-1
7.94437624E+1	7.00718799E-1
7.94835716E+1	7.07932828E-1
7.95077596E+1	6.73419600E-1
7.95567265E+1	6.85566894E-1
7.96222229E+1	6.88421769E-1
7.96840978E+1	6.80020497E-1
7.96768240E+1	6.77956295E-1
7.96766824E+1	6.67189520E-1
7.96909123E+1	6.63200385E-1
7.96239779E+1	6.58356377E-1
7.96156083E+1	6.44486480E-1
7.95651632E+1	6.32276638E-1
7.95003313E+1	6.20846552E-1
7.94938959E+1	6.10712078E-1
7.94895186E+1	5.98008568E-1
7.94921754E+1	5.86741745E-1
7.93509294E+1	5.75479134E-1
7.92567759E+1	5.63692705E-1
7.92356195E+1	5.47764660E-1
7.92087350E+1	5.38117556E-1
7.92172825E+1	5.25315077E-1
7.91925221E+1	5.07382223E-1
7.92475260E+1	5.01560271E-1
7.93738005E+1	4.87705523E-1
7.94846908E+1	4.78635105E-1
7.95331775E+1	4.65607956E-1
7.95657568E+1	4.51785594E-1
7.96348793E+1	4.40556111E-1
7.97265902E+1	4.29701397E-1
7.97893983E+1	4.19599080E-1
7.98519991E+1	4.05225151E-1
7.99239217E+1	3.92200189E-1
8.00110362E+1	3.76411867E-1
8.00854552E+1	3.65946396E-1
8.01677938E+1	3.53078289E-1
8.02744470E+1	3.39141435E-1
8.03527212E+1	3.28238715E-1
8.03629250E+1	3.12038320E-1
8.03362123E+1	2.98836812E-1
8.02782453E+1	2.90118962E-1
8.02688257E+1	2.78093025E-1
8.03167733E+1	2.69526607E-1
8.03423874E+1	2.55527959E-1
8.03050355E+1	2.49228536E-1
8.04054179E+1	2.38230896E-1
8.05261387E+1	2.22532862E-1
8.05969897E+1	2.13289708E-1
8.06412256E+1	2.00640798E-1
8.06838374E+1	1.89157332E-1
8.06780438E+1	1.81838255E-1
8.06820722E+1	1.69443844E-1
8.06807395E+1	1.59088230E-1
8.07698224E+1	1.46422499E-1
8.08386218E+1	1.39971453E-1
8.08387554E+1	1.32282528E-1
8.07696228E+1	1.22699279E-1
8.07198338E+1	1.10042531E-1
8.07527519E+1	1.02903514E-1
8.08007132E+1	9.19737314E-2
8.08432671E+1	8.98208461E-2
8.08648739E+1	8.05306094E-2
8.08205604E+1	7.36514688E-2
8.07775203E+1	6.59024658E-2
8.08117271E+1	5.38042644E-2
8.08252640E+1	4.85036129E-2
8.08531473E+1	3.86227800E-2
8.09050844E+1	4.36295641E-2
8.09821249E+1	3.59211281E-2
8.10667703E+1	4.07893942E-2
8.11340978E+1	3.26017700E-2
8.11833795E+1	3.06579538E-2
8.12358099E+1	1.34175348E-2
8.12745933E+1	9.00167905E-3
8.13238559E+1	3.89567881E-3
8.13694753E+1	1.07210187E-3
8.13440550E+1	-7.45591609E-3
8.13464734E+1	-1.10412800E-2
8.13602246E+1	-1.56156900E-2
8.13784567E+1	-1.66696198E-2
8.14074953E+1	-2.08373343E-2
8.14512026E+1	-2.44146306E-2
8.14762748E+1	-2.82599295E-2
8.15188516E+1	-3.19889071E-2
8.14915901E+1	-3.51745529E-2
8.14542867E+1	-3.49503211E-2
8.14431434E+1	-3.97543409E-2
8.14675729E+1	-3.96433980E-2
8.15214533E+1	-4.33157308E-2
8.15895510E+1	-4.43076377E-2
8.16472010E+1	-4.72146413E-2
8.17009848E+1	-5.17820133E-2
8.17017117E+1	-5.36230718E-2
8.16370361E+1	-5.05374379E-2
8.15366328E+1	-5.52528865E-2
8.14988266E+1	-5.34767117E-2
8.15037605E+1	-5.69783148E-2
8.14159139E+1	-6.10932184E-2
8.10682208E+1	-6.08932414E-2
8.08676356E+1	-5.92657153E-2
8.08992844E+1	-5.90497227E-2
8.09882067E+1	-6.03455641E-2
8.11252027E+1	-6.18872704E-2
8.12472694E+1	-6.41712999E-2
8.13463794E+1	-6.60481188E-2
8.14607171E+1	-6.68283816E-2
8.15376644E+1	-6.75890158E-2
8.15550038E+1	-6.95119490E-2
8.14094607E+1	-6.98626306E-2
8.11751312E+1	-7.08292524E-2
8.08081349E+1	-7.34972626E-2
8.08649943E+1	-6.51422656E-2
8.10222345E+1	-6.90852332E-2
8.11238355E+1	-7.01016861E-2
8.09595147E+1	-7.74738736E-2
8.03452865E+1	-6.87169244E-2
8.03239751E+1	-7.00736443E-2
8.05632637E+1	-7.01421898E-2
8.07687239E+1	-6.98514723E-2
8.09763307E+1	-7.30511388E-2
8.11411086E+1	-7.92209760E-2
8.13474114E+1	-8.07112967E-2
8.08404626E+1	-8.26789755E-2
8.02662152E+1	-7.99534057E-2
7.99777734E+1	-8.41657487E-2
8.00278319E+1	-8.69886440E-2
8.02620783E+1	-8.10404638E-2
8.05292621E+1	-8.15427683E-2
8.07849656E+1	-8.17300382E-2
8.10023789E+1	-8.29433108E-2
8.12179538E+1	-8.59524444E-2
8.14222082E+1	-8.45859949E-2
8.15942405E+1	-8.44340809E-2
8.17288740E+1	-8.49272878E-2
8.18601445E+1	-8.75268663E-2
8.19889181E+1	-8.76540015E-2
8.20313223E+1	-8.85686087E-2
8.19100579E+1	-8.86651903E-2
8.19171452E+1	-8.90005939E-2
8.19869757E+1	-1.18125496E-1
8.21064970E+1	-1.31384114E-1
8.22334616E+1	-8.68958747E-2
8.23593400E+1	-8.91622880E-2
8.24517492E+1	-9.78648165E-2
8.24824569E+1	-9.18042639E-2
8.25244070E+1	-9.59098973E-2
8.23669682E+1	-9.30425453E-2
8.23112506E+1	-9.90244823E-2
8.24015972E+1	-8.60217267E-2
8.24852282E+1	-1.09596048E-1
8.25080605E+1	-1.19952078E-1
8.25422547E+1	-1.20763581E-1
8.25385587E+1	-1.06861561E-1
8.25953242E+1	-9.28271896E-2
8.27117329E+1	-8.91645211E-2
8.28393818E+1	-7.20484062E-2
8.29193111E+1	-8.09162360E-2
8.29242570E+1	-7.38582873E-2
8.29817318E+1	-5.85933583E-2
8.29995984E+1	-4.42600835E-2
8.27586658E+1	-4.92281998E-2
8.26313899E+1	-4.89099039E-2
8.26323267E+1	-8.89529897E-2
8.27209671E+1	-8.73604232E-2
8.27572639E+1	-8.76327742E-2
8.28049026E+1	-9.22324728E-2
8.28863673E+1	-7.96023117E-2
8.26473561E+1	-7.41889420E-2
8.24156654E+1	-8.41222001E-2
8.23343233E+1	-9.27512556E-2
8.23841699E+1	-7.27093722E-2
8.25239843E+1	-7.57702308E-2
8.26886964E+1	-8.56315096E-2
8.27870669E+1	-7.10713243E-2
8.29102994E+1	-6.31284598E-2
8.29962991E+1	-2.37820400E-2
8.31173791E+1	-3.91463542E-2
8.32464041E+1	-6.16228624E-2
8.33982841E+1	-6.40566274E-2
8.35267603E+1	-8.26188913E-2
8.36067327E+1	-7.84206811E-2
8.36903266E+1	-7.79279891E-2
8.37706176E+1	-8.01396392E-2
8.38448004E+1	-7.10207415E-2
8.39195916E+1	-7.15252691E-2
8.40235425E+1	-8.43924775E-2
8.41312131E+1	-8.37752250E-2
8.42120959E+1	-8.61299735E-2
8.42704925E+1	-8.68723657E-2
8.43518995E+1	-8.44875784E-2
8.44562297E+1	-8.83870032E-2
8.44930085E+1	-8.63623371E-2
8.45683988E+1	-8.33776910E-2
8.46370654E+1	-8.38964166E-2
8.47197261E+1	-7.91523033E-2
8.47792004E+1	-8.34359947E-2
8.48285803E+1	-8.40640612E-2
8.47811838E+1	-8.56321390E-2
8.47963539E+1	-8.02438813E-2
8.48617654E+1	-8.36038682E-2
8.49126937E+1	-8.52094731E-2
8.50192499E+1	-8.23995095E-2
8.50964137E+1	-8.37440488E-2
8.51609701E+1	-8.95201205E-2
8.51851830E+1	-8.89220870E-2
8.52594179E+1	-9.16621877E-2
8.53651390E+1	-9.61004780E-2
8.54243180E+1	-9.05662040E-2
8.54777163E+1	-9.35049042E-2
8.55482250E+1	-8.95424204E-2
8.56029002E+1	-8.76139357E-2
8.56642145E+1	-8.84340209E-2
8.57178850E+1	-8.64582752E-2
8.57720284E+1	-8.53955917E-2
8.58210054E+1	-8.67154637E-2
8.58871269E+1	-8.56106116E-2
8.59477694E+1	-8.45599436E-2
8.59881475E+1	-8.47422928E-2
8.60252898E+1	-8.41296749E-2
8.60443563E+1	-8.47388598E-2
8.58977569E+1	-8.20900184E-2
8.57541520E+1	-8.18415840E-2
8.56885743E+1	-8.22852985E-2
8.57586649E+1	-7.85225075E-2
8.58609786E+1	-8.23503538E-2
8.59514791E+1	-8.96608587E-2
8.60438434E+1	-8.63560292E-2
8.61430223E+1	-9.15310398E-2
8.62238481E+1	-8.97163016E-2
8.63057351E+1	-8.76091295E-2
8.63305298E+1	-9.51596008E-2
8.63836456E+1	-7.60205428E-2
8.64718758E+1	-7.89022031E-2
8.65004734E+1	-7.78358577E-2
8.64885459E+1	-7.98261365E-2
8.64435327E+1	-9.60506423E-2
8.65251060E+1	-9.44958389E-2
8.66278872E+1	-9.51614966E-2
8.67090411E+1	-8.42346170E-2
8.67542680E+1	-9.13921826E-2
8.67838708E+1	-9.16568167E-2
8.68628515E+1	-9.15009588E-2
8.69501145E+1	-1.11139236E-1
8.69845601E+1	-1.16358591E-1
8.69950722E+1	-9.11162344E-2
8.70015819E+1	-9.27664180E-2
8.69722416E+1	-9.33480819E-2
8.69998276E+1	-9.47192774E-2
8.70654489E+1	-1.13432191E-1
8.70803484E+1	-1.21142412E-1
8.70230998E+1	-1.34341364E-1
8.70124246E+1	-1.23517702E-1
8.68730958E+1	-1.12020658E-1
8.69130582E+1	-8.07553976E-2
8.69612207E+1	-7.99623185E-2
8.68120776E+1	-8.02227112E-2
8.66753718E+1	-8.09767114E-2
8.62527015E+1	-6.54808575E-2
8.63726466E+1	-3.75563593E-2
8.65328484E+1	-3.83325023E-2
8.66151651E+1	-4.18211693E-2
8.67271545E+1	-4.48777938E-2
8.68739051E+1	-4.85397126E-2
8.69350864E+1	-4.45687098E-2
8.70247612E+1	-4.65735790E-2
8.71234779E+1	-6.41857028E-2
8.71821880E+1	-5.32468640E-2
8.71849464E+1	-5.56895545E-2
8.72909736E+1	-5.15981108E-2
8.74379159E+1	-5.41050556E-2
8.75104981E+1	-4.95522173E-2
8.74486203E+1	-4.95616580E-2
8.74649474E+1	-4.97857182E-2
8.75504690E+1	-5.34748764E-2
8.76343350E+1	-5.75905803E-2
8.76799658E+1	-6.54762229E-2
8.77185081E+1	-6.33699659E-2
8.75511453E+1	-6.50860058E-2
8.73439659E+1	-5.29119753E-2
8.69323544E+1	-5.30229755E-2
8.67284463E+1	-4.74227304E-2
8.63943720E+1	-5.03288180E-2
8.58726408E+1	-5.39976601E-2
8.56531121E+1	-5.78173297E-2
8.56761968E+1	-6.25558362E-2
8.58329917E+1	-1.36122413E-1
8.59272214E+1	-1.78742995E-1
8.60531896E+1	-1.58908691E-1
8.63556616E+1	-2.07887753E-1
8.65682938E+1	-1.91910878E-1
8.67744502E+1	-1.85676387E-1
8.69371660E+1	-1.87907948E-1
8.71118042E+1	-1.85565787E-1
8.72710410E+1	-1.96788650E-1
8.74121530E+1	-1.96121733E-1
8.75268074E+1	-1.98697910E-1
8.74616141E+1	-1.30284557E-1
8.73002935E+1	-1.46308866E-1
8.71830985E+1	-2.13638782E-1
8.72164232E+1	-1.51244942E-1
8.71828586E+1	-1.64330047E-1
8.71689272E+1	-1.64742636E-1
8.72690328E+1	-2.07672235E-1
8.71412517E+1	-2.24367123E-1
8.68549445E+1	-1.74938163E-1
8.68593495E+1	-2.07293347E-1
8.70349685E+1	-2.25134741E-1
8.71918980E+1	-1.81124135E-1
8.73153516E+1	-1.48091220E-1
8.74962375E+1	-1.89583380E-1
8.77387962E+1	-1.96224224E-1
8.79151665E+1	-1.35301537E-1
8.79311798E+1	-1.31881243E-1
8.79354603E+1	-2.24179509E-1
8.81247003E+1	-1.95037666E-1
8.83435709E+1	-2.48325371E-1
8.85441015E+1	-2.17334155E-1
8.87156032E+1	-2.09440955E-1
8.88953704E+1	-2.39462329E-1
8.91103143E+1	-1.83989756E-1
8.92836020E+1	-1.85845061E-1
8.93410864E+1	-1.79634315E-1
8.94744708E+1	-2.08327291E-1
8.96032994E+1	-1.93802344E-1
8.97617146E+1	-2.64482744E-1
8.98130385E+1	-2.71106137E-1
8.98888527E+1	-2.93169656E-1
8.99538837E+1	-9.14630095E-1
9.00419904E+1	-9.14322441E-1
9.01265088E+1	-9.12475375E-1
9.02135069E+1	-9.07985590E-1
9.01749026E+1	-9.03870059E-1
9.02388143E+1	-9.03384747E-1
9.02478481E+1	-9.04244484E-1
9.02262591E+1	-9.04239392E-1
9.02003416E+1	-8.97637914E-1
9.00160291E+1	-8.95539095E-1
9.00274231E+1	-8.97709892E-1
9.00745657E+1	-8.99562623E-1
9.01453657E+1	-2.29370601E-1
9.02675097E+1	-1.99812743E-1
9.04005120E+1	-1.35446674E-1
9.05521385E+1	-1.53830764E-1
9.06569858E+1	-1.69006090E-1
9.07108434E+1	-1.84864754E-1
9.08246808E+1	-1.79018592E-1
9.09003019E+1	-1.51531801E-1
9.09740563E+1	-1.96162783E-1
9.09779319E+1	-1.87612451E-1
9.09263156E+1	-1.78134539E-1
9.06670132E+1	-1.75435632E-1
