# Mess-Beginn: 11.07.2025 13:15:28
# Kei2000	Kei2000
2.69783226E+0	2.73573516E+0
2.75216740E+0	2.76011812E+0
2.79898732E+0	2.77615812E+0
2.86162983E+0	2.80558819E+0
2.91820288E+0	2.82788047E+0
2.95975547E+0	2.83900820E+0
2.98357956E+0	2.85761647E+0
3.01899409E+0	2.87025964E+0
3.06625456E+0	2.88845092E+0
3.10349177E+0	2.89169257E+0
3.14455812E+0	2.91129320E+0
3.18474755E+0	2.92037820E+0
3.22551780E+0	2.93357484E+0
3.24671852E+0	2.94030498E+0
3.26136565E+0	2.94532892E+0
3.27346599E+0	2.95343647E+0
3.27950022E+0	2.95382824E+0
3.28305398E+0	2.96054265E+0
3.29497316E+0	2.96691089E+0
3.30235798E+0	2.96740130E+0
3.30458382E+0	2.96904690E+0
3.30582180E+0	2.96994308E+0
3.30763223E+0	2.97033009E+0
3.30554101E+0	2.96741686E+0
3.30486599E+0	2.96774408E+0
3.30326759E+0	2.96719680E+0
3.30025941E+0	2.96585371E+0
3.29056295E+0	2.96379186E+0
3.27159663E+0	2.96526667E+0
3.25199489E+0	2.95756848E+0
3.22570977E+0	2.95187791E+0
3.18416562E+0	2.94806369E+0
3.11353480E+0	2.93043525E+0
3.02759494E+0	2.90540106E+0
2.92517890E+0	2.88540071E+0
2.80122051E+0	2.84593442E+0
2.66334740E+0	2.80826981E+0
2.51764516E+0	2.77126769E+0
2.35737302E+0	2.72463250E+0
2.19797217E+0	2.67912999E+0
2.02584161E+0	2.61526851E+0
1.79106887E+0	2.52976811E+0
1.51448890E+0	2.40096484E+0
1.27928353E+0	2.27356382E+0
1.06958737E+0	2.14587718E+0
8.67467018E-1	2.00050964E+0
6.77501210E-1	1.83016032E+0
4.82901067E-1	1.62569501E+0
3.00538647E-1	1.40218089E+0
1.43088097E-1	1.15342704E+0
3.84164619E-3	8.65163322E-1
-1.33505848E-1	5.74296716E-1
-2.72334922E-1	2.39338391E-1
-4.15081885E-1	-1.21300374E-1
-5.95590303E-1	-5.28430406E-1
-7.84800672E-1	-9.58473884E-1
-9.92556635E-1	-1.37487666E+0
-1.22619938E+0	-1.77401514E+0
-1.49654164E+0	-2.10632261E+0
-1.78010242E+0	-2.40115742E+0
-2.04842335E+0	-2.60576403E+0
-2.29837433E+0	-2.75881067E+0
-2.52712360E+0	-2.88123154E+0
-2.73092409E+0	-2.96812770E+0
-2.90271591E+0	-3.03572239E+0
-3.03999485E+0	-3.08699045E+0
-3.15419712E+0	-3.12305380E+0
-3.22504786E+0	-3.14390659E+0
-3.25570290E+0	-3.15759570E+0
-3.24610023E+0	-3.15987589E+0
-3.20131103E+0	-3.14704732E+0
-3.12810997E+0	-3.12792762E+0
-3.03499825E+0	-3.10592540E+0
-2.94104657E+0	-3.08636874E+0
-2.85081162E+0	-3.06683399E+0
-2.75779650E+0	-3.04437009E+0
-2.65478155E+0	-3.01968643E+0
-2.52529825E+0	-2.98368963E+0
-2.38726079E+0	-2.94209556E+0
-2.24703303E+0	-2.89786015E+0
-2.12175555E+0	-2.86047293E+0
-2.00643422E+0	-2.82107529E+0
-1.87782754E+0	-2.77404022E+0
-1.73409334E+0	-2.71913296E+0
-1.55068963E+0	-2.63716794E+0
-1.35995811E+0	-2.54100293E+0
-1.16895571E+0	-2.43753149E+0
-9.80953895E-1	-2.32149953E+0
-7.84236833E-1	-2.17389721E+0
-5.92226464E-1	-1.99685310E+0
-4.13614387E-1	-1.81696206E+0
-2.49050260E-1	-1.59179697E+0
-9.92963612E-2	-1.35063721E+0
4.22743869E-2	-1.09814961E+0
1.76464269E-1	-8.06454092E-1
3.01750427E-1	-4.88467923E-1
4.16489524E-1	-2.04648089E-1
5.44626510E-1	8.88690985E-2
6.77139483E-1	4.06840497E-1
8.05579076E-1	6.96741982E-1
9.41565037E-1	9.73670455E-1
1.07441140E+0	1.22044376E+0
1.22750176E+0	1.48010455E+0
1.37949937E+0	1.69534583E+0
1.52942801E+0	1.88740323E+0
1.68519270E+0	2.05797793E+0
1.83306949E+0	2.18955718E+0
1.99536413E+0	2.33812157E+0
2.16857110E+0	2.44959886E+0
2.35015403E+0	2.56915842E+0
2.52650101E+0	2.66141109E+0
2.70154836E+0	2.74358384E+0
2.86181086E+0	2.81391393E+0
3.01407501E+0	2.87289508E+0
3.14383559E+0	2.91325951E+0
3.23978753E+0	2.94455420E+0
3.29342163E+0	2.96006604E+0
3.30846720E+0	2.96598685E+0
3.29026149E+0	2.96587464E+0
3.23979391E+0	2.95788430E+0
3.17198674E+0	2.93986628E+0
3.10294881E+0	2.91902651E+0
3.02488466E+0	2.90296100E+0
2.93755828E+0	2.88254291E+0
2.84486720E+0	2.85977049E+0
2.76411619E+0	2.83952224E+0
2.69264155E+0	2.81957114E+0
2.62447152E+0	2.80375578E+0
2.57731048E+0	2.79185596E+0
2.54046544E+0	2.78146460E+0
2.52362947E+0	2.77843974E+0
2.51133571E+0	2.77580080E+0
2.49357837E+0	2.76965061E+0
2.47418366E+0	2.76630865E+0
2.44204003E+0	2.75461161E+0
2.39649851E+0	2.73766016E+0
2.35331627E+0	2.72459133E+0
2.30884515E+0	2.71146099E+0
2.25482621E+0	2.68623324E+0
2.18842866E+0	2.67250067E+0
2.11928725E+0	2.63682880E+0
2.03354802E+0	2.59460474E+0
1.89540775E+0	2.54361677E+0
1.70595257E+0	2.46716678E+0
1.50112677E+0	2.38205632E+0
1.31061515E+0	2.29209378E+0
1.14137597E+0	2.19628063E+0
9.86768506E-1	2.09637399E+0
8.23589825E-1	1.97084978E+0
6.58768564E-1	1.81244391E+0
4.88127698E-1	1.63649944E+0
3.36029074E-1	1.45061206E+0
1.99473821E-1	1.24378496E+0
6.60663335E-2	1.00300322E+0
-4.79137618E-2	7.63119673E-1
-1.69175469E-1	5.02249535E-1
-2.93735209E-1	1.76184134E-1
-4.47344341E-1	-1.96092762E-1
-6.18828625E-1	-5.97147781E-1
-8.01412092E-1	-1.00077125E+0
-1.01865764E+0	-1.42824371E+0
-1.25264346E+0	-1.81961129E+0
-1.53815773E+0	-2.18155639E+0
-1.88025791E+0	-2.48885769E+0
-2.24696444E+0	-2.74267440E+0
-2.59936062E+0	-2.92131087E+0
-2.88597991E+0	-3.05053435E+0
-3.11750013E+0	-3.13218824E+0
-3.23865155E+0	-3.16632785E+0
-3.25678353E+0	-3.16619746E+0
-3.18767324E+0	-3.15155826E+0
-3.06981981E+0	-3.12333873E+0
-2.91617222E+0	-3.08621372E+0
-2.74907297E+0	-3.04123816E+0
-2.56049208E+0	-2.99222270E+0
-2.36478661E+0	-2.93574678E+0
-2.18528053E+0	-2.87480754E+0
-2.01157934E+0	-2.82277537E+0
-1.79349358E+0	-2.74647759E+0
-1.50747291E+0	-2.62019470E+0
-1.24096551E+0	-2.48641016E+0
-1.01482498E+0	-2.34962233E+0
-8.04719796E-1	-2.18647999E+0
-6.01733789E-1	-2.01581893E+0
-3.99173396E-1	-1.79801721E+0
-2.13224792E-1	-1.54029586E+0
-2.87934896E-2	-1.24061946E+0
1.40613111E-1	-8.72758020E-1
2.86440009E-1	-5.09273871E-1
4.31845740E-1	-1.72143080E-1
5.90982636E-1	2.09925414E-1
7.51850379E-1	5.91340696E-1
9.39034253E-1	9.71504484E-1
1.15505418E+0	1.35667213E+0
1.41339794E+0	1.74027365E+0
1.69888424E+0	2.09694747E+0
2.04228495E+0	2.37686260E+0
2.39282013E+0	2.60199427E+0
2.73585932E+0	2.76663520E+0
3.03041902E+0	2.88139966E+0
3.24217201E+0	2.94756770E+0
3.30544714E+0	2.96042664E+0
3.18968164E+0	2.92464560E+0
2.97457480E+0	2.87520398E+0
2.68092238E+0	2.79475856E+0
2.34546324E+0	2.69676411E+0
2.01412759E+0	2.59090066E+0
1.59281218E+0	2.41129290E+0
1.16586156E+0	2.18689717E+0
8.17648891E-1	1.94172060E+0
4.69073761E-1	1.61212431E+0
2.06437002E-1	1.21083608E+0
-2.09825307E-2	8.03246096E-1
-2.06904689E-1	3.31751899E-1
-3.91174858E-1	-8.42582660E-2
-5.83640366E-1	-5.33068577E-1
-7.77282296E-1	-9.79755354E-1
-9.92291421E-1	-1.40975619E+0
-1.21342933E+0	-1.76826276E+0
-1.44718731E+0	-2.09547870E+0
-1.68685802E+0	-2.34780526E+0
-1.92929891E+0	-2.54832415E+0
-2.15381143E+0	-2.70425387E+0
-2.38854480E+0	-2.84137079E+0
-2.59726254E+0	-2.93565848E+0
-2.75815491E+0	-3.00934992E+0
-2.90808214E+0	-3.06125652E+0
-3.02259969E+0	-3.10519486E+0
-3.11804541E+0	-3.14512001E+0
-3.19224809E+0	-3.17399261E+0
-3.23856475E+0	-3.19031809E+0
-3.25341874E+0	-3.18793816E+0
-3.23723529E+0	-3.18271575E+0
-3.19350127E+0	-3.17125689E+0
-3.13694945E+0	-3.15570504E+0
-3.06183525E+0	-3.13266457E+0
-2.99032238E+0	-3.11879168E+0
-2.90815639E+0	-3.09628041E+0
-2.82289340E+0	-3.07184593E+0
-2.73157163E+0	-3.05606658E+0
-2.66389697E+0	-3.05548057E+0
-2.61658052E+0	-3.04444144E+0
-2.54860976E+0	-3.02954804E+0
-2.48356461E+0	-3.00738860E+0
-2.42879520E+0	-2.96021420E+0
-2.36413413E+0	-2.94992244E+0
-2.30260057E+0	-2.94218160E+0
-2.26125252E+0	-2.93302961E+0
-2.24311793E+0	-2.93191687E+0
-2.23549300E+0	-2.92443535E+0
-2.22815381E+0	-2.92515627E+0
-2.21172468E+0	-2.92116250E+0
-2.16774784E+0	-2.90671115E+0
-2.09636991E+0	-2.87950470E+0
-2.02364221E+0	-2.85908549E+0
-1.95348517E+0	-2.82697140E+0
-1.84345876E+0	-2.79083464E+0
-1.73329728E+0	-2.74188167E+0
-1.59743408E+0	-2.68204548E+0
-1.43561419E+0	-2.61135487E+0
-1.25160630E+0	-2.51649896E+0
-1.07695540E+0	-2.41398291E+0
-9.04839219E-1	-2.28568721E+0
-7.01474809E-1	-2.12224843E+0
-4.82679815E-1	-1.91343701E+0
-2.70580472E-1	-1.65929866E+0
-8.92857374E-2	-1.36366748E+0
8.33213282E-2	-1.01156638E+0
2.35872245E-1	-6.48379081E-1
4.00754830E-1	-2.60845417E-1
5.80169449E-1	1.63514673E-1
7.77206940E-1	6.06921806E-1
9.97474862E-1	1.10096756E+0
1.29145416E+0	1.59162761E+0
1.65461859E+0	2.03685168E+0
2.06914388E+0	2.37799437E+0
