# Mess-Beginn: 11.07.2025 11:36:01
# Kei2000	Kei2000
4.12707837E-1	3.04453775E+0
4.12603809E-1	3.04574702E+0
4.12265640E-1	3.04547758E+0
4.12572979E-1	3.04402256E+0
4.12694634E-1	3.04528313E+0
4.13351992E-1	3.04570003E+0
4.13200095E-1	3.04829233E+0
4.12791208E-1	3.04980967E+0
4.12743458E-1	3.04522440E+0
4.11285003E-1	3.03671285E+0
4.04404477E-1	3.00600846E+0
3.95973895E-1	2.97422212E+0
3.73456917E-1	2.87106644E+0
3.73181408E-1	2.87916492E+0
3.73838809E-1	2.88345160E+0
3.74448293E-1	2.88698551E+0
3.74273331E-1	2.87604648E+0
3.74325830E-1	2.88109102E+0
3.74027971E-1	2.88122383E+0
3.74166472E-1	2.87533931E+0
3.74818353E-1	2.87284233E+0
3.74451040E-1	2.87026622E+0
3.70661012E-1	2.85260416E+0
3.41870362E-1	2.68484136E+0
3.41008805E-1	2.69941612E+0
3.41154063E-1	2.69897158E+0
3.41291942E-1	2.70917647E+0
3.41151119E-1	2.70912177E+0
3.41049319E-1	2.70892505E+0
3.41155278E-1	2.71185987E+0
3.41442121E-1	2.71433013E+0
3.41284349E-1	2.71329727E+0
3.41144098E-1	2.71158390E+0
3.40849796E-1	2.71121684E+0
3.40674411E-1	2.70869144E+0
3.19661930E-1	2.59047770E+0
3.12438359E-1	2.55109864E+0
3.12461725E-1	2.54999289E+0
3.14428666E-1	2.56250656E+0
3.14315029E-1	2.56265493E+0
3.14309904E-1	2.56127972E+0
3.13950976E-1	2.55442901E+0
3.13836582E-1	2.55002901E+0
3.13951702E-1	2.55276179E+0
2.84216877E-1	2.36004464E+0
2.84568073E-1	2.36344539E+0
2.84770423E-1	2.36371878E+0
2.84692721E-1	2.35796954E+0
2.84598747E-1	2.36061763E+0
2.84650773E-1	2.36174448E+0
2.84317668E-1	2.36229166E+0
2.62244199E-1	2.18574089E+0
2.50764360E-1	2.11171599E+0
2.41232905E-1	2.02859003E+0
2.42729591E-1	2.03149910E+0
2.42712549E-1	2.02803564E+0
2.43101019E-1	2.03212446E+0
2.43383971E-1	2.03267250E+0
2.43589110E-1	2.03228020E+0
2.43664937E-1	2.03331501E+0
2.44465018E-1	2.04043642E+0
2.22971808E-1	1.83649906E+0
2.08652580E-1	1.72473768E+0
2.08586789E-1	1.72990340E+0
2.09368141E-1	1.73413543E+0
2.09677743E-1	1.74215649E+0
2.09499156E-1	1.74997426E+0
2.09894388E-1	1.74921588E+0
2.08683366E-1	1.71890307E+0
1.74835403E-1	1.32238677E+0
1.69090264E-1	1.30664247E+0
1.69268106E-1	1.30265590E+0
1.69369316E-1	1.30264534E+0
1.69349927E-1	1.30097518E+0
1.69608688E-1	1.30161740E+0
1.69782168E-1	1.30411175E+0
1.69162582E-1	1.29385343E+0
1.66182043E-1	1.26144207E+0
1.55418332E-1	1.12387127E+0
1.46225079E-1	1.02556446E+0
1.41202848E-1	9.60891039E-1
1.43418040E-1	9.86047069E-1
1.43709660E-1	9.87516926E-1
1.41834539E-1	9.52906676E-1
1.40271516E-1	9.45614516E-1
1.27533086E-1	7.81400186E-1
1.24785831E-1	7.56733450E-1
1.20353259E-1	7.03876208E-1
1.13507007E-1	6.06740066E-1
1.02029731E-1	4.99670470E-1
1.02282482E-1	4.91715757E-1
1.02171074E-1	4.87464223E-1
9.80769793E-2	4.39514784E-1
9.02561921E-2	3.72306835E-1
8.57460591E-2	2.99661350E-1
6.81606666E-2	-3.79182233E-3
2.44714470E-2	-1.24599999E-1
1.58507174E-2	-1.56248777E-1
1.57939995E-2	-1.56471716E-1
1.59066170E-2	-1.54064626E-1
1.95370654E-2	-1.24666264E-1
2.50196747E-2	-1.11071835E-1
2.50947987E-2	-1.08125118E-1
2.45485526E-2	-1.04447599E-1
2.50118035E-2	-1.10138361E-1
2.47926549E-2	-1.09598524E-1
