# Mess-Beginn: 11.07.2025 11:43:32
# Kei2000	Kei2000
1.01211766E+1	5.50871601E+0
1.01220142E+1	5.50875483E+0
1.01334316E+1	5.51041786E+0
1.01405951E+1	5.50567303E+0
1.01358855E+1	5.50543912E+0
1.01365849E+1	5.50533418E+0
1.01359965E+1	5.50464922E+0
1.01383395E+1	5.50633796E+0
1.01413306E+1	5.50563973E+0
1.01432937E+1	5.50720133E+0
1.01439523E+1	5.51098067E+0
1.01321040E+1	5.51533333E+0
1.00105107E+1	5.51318979E+0
9.88469216E+0	5.51107509E+0
9.71029452E+0	5.50757795E+0
9.51759393E+0	5.50376297E+0
9.40085181E+0	5.49958231E+0
9.33774950E+0	5.48340901E+0
9.27228103E+0	5.48302164E+0
9.22693245E+0	5.48460973E+0
9.15300737E+0	5.48901265E+0
9.08166146E+0	5.48791005E+0
8.99664733E+0	5.48427530E+0
8.87391213E+0	5.47867271E+0
8.77209455E+0	5.48096980E+0
8.67498381E+0	5.48145575E+0
8.53759974E+0	5.47705371E+0
8.43107561E+0	5.47561021E+0
8.32140835E+0	5.47217505E+0
8.24781723E+0	5.47104533E+0
8.13973091E+0	5.46354091E+0
7.99175658E+0	5.45734571E+0
7.84375511E+0	5.45194166E+0
7.67355068E+0	5.44684917E+0
7.56551089E+0	5.44482244E+0
7.45304761E+0	5.43926515E+0
7.36003706E+0	5.43674898E+0
7.27527428E+0	5.43382603E+0
7.18045799E+0	5.42982103E+0
7.11197211E+0	5.42463099E+0
7.00911126E+0	5.41929818E+0
6.95065843E+0	5.41655948E+0
6.81038506E+0	5.41178482E+0
6.68203133E+0	5.40438886E+0
6.64997303E+0	5.40710433E+0
6.50917508E+0	5.40002143E+0
6.40586129E+0	5.39467931E+0
6.32141510E+0	5.39086079E+0
6.23492906E+0	5.38788812E+0
6.13965069E+0	5.38183544E+0
6.02643834E+0	5.37740411E+0
5.90786227E+0	5.37231442E+0
5.84128376E+0	5.36560796E+0
5.71321370E+0	5.36245663E+0
5.63639457E+0	5.35566314E+0
5.56581247E+0	5.35114993E+0
5.51983283E+0	5.34831041E+0
5.41371674E+0	5.33993158E+0
5.29369999E+0	5.33348032E+0
5.11698155E+0	5.32144832E+0
4.99504338E+0	5.31240741E+0
4.88501750E+0	5.30616062E+0
4.80416576E+0	5.30013827E+0
4.66101023E+0	5.28648694E+0
4.54491708E+0	5.27705060E+0
4.42369844E+0	5.26521209E+0
4.30854091E+0	5.25658745E+0
4.21593494E+0	5.24795519E+0
4.12450037E+0	5.23867633E+0
4.03975489E+0	5.23144292E+0
3.97358404E+0	5.22146426E+0
3.84187124E+0	5.21004336E+0
3.74686073E+0	5.19841576E+0
3.67683497E+0	5.19185247E+0
3.57111810E+0	5.17790109E+0
3.46338054E+0	5.16166412E+0
3.31931464E+0	5.13757576E+0
3.20681293E+0	5.12288694E+0
3.15273496E+0	5.11689091E+0
3.07660210E+0	5.10257917E+0
2.99873062E+0	5.08985260E+0
2.91159813E+0	5.07355011E+0
2.83304033E+0	5.05568751E+0
2.69425402E+0	5.03027289E+0
2.58132136E+0	5.00787492E+0
2.49397207E+0	4.98313479E+0
2.37063772E+0	4.95285059E+0
2.26347599E+0	4.92009228E+0
2.13372860E+0	4.88423478E+0
2.00813568E+0	4.83822606E+0
1.89935239E+0	4.79738170E+0
1.83791378E+0	4.77937240E+0
1.69397367E+0	4.70666949E+0
1.55677800E+0	4.64198349E+0
1.35995962E+0	4.53528795E+0
1.17718582E+0	4.39052125E+0
1.07331630E+0	4.30836952E+0
9.50232707E-1	4.16639679E+0
7.91557825E-1	3.96832721E+0
6.28129235E-1	3.66354193E+0
5.69868120E-1	3.56888691E+0
5.63062448E-1	3.53917364E+0
4.36150849E-1	3.12903166E+0
3.39768135E-1	2.66433540E+0
2.60138633E-1	2.14501347E+0
2.22165109E-1	1.86287462E+0
2.00397517E-1	1.62322562E+0
1.78823144E-1	1.39803217E+0
1.64080496E-1	1.25198545E+0
1.32236060E-1	8.39870416E-1
9.82771488E-2	4.52406892E-1
7.64141551E-2	2.02989865E-1
2.00658728E-2	-1.52873637E-1
1.54422588E-2	-1.49437754E-1
1.74032686E-2	-1.30196453E-1
2.22354993E-2	-1.14198320E-1
2.57259943E-2	-9.11910648E-2
2.57447193E-2	-9.32566954E-2
2.38043085E-2	-9.59056167E-2
2.38577570E-2	-9.30630016E-2
2.45202015E-2	-9.86883405E-2
2.48753744E-2	-9.61021460E-2
2.59479770E-2	-9.40256425E-2
