# Mess-Beginn: 11.07.2025 11:41:24
# Kei2000	Kei2000
1.01396164E+1	5.51502122E+0
1.01448393E+1	5.51511088E+0
1.01436545E+1	5.51612119E+0
1.01422919E+1	5.51718677E+0
1.01397827E+1	5.51672697E+0
1.01396280E+1	5.51693737E+0
1.01367449E+1	5.51523134E+0
1.01382982E+1	5.51727421E+0
1.01372551E+1	5.51542429E+0
1.01355581E+1	5.51510335E+0
1.01394399E+1	5.51455422E+0
1.01351998E+1	5.51450796E+0
1.01209741E+1	5.51485667E+0
1.00655492E+1	5.51302934E+0
1.00175892E+1	5.51025578E+0
9.97547105E+0	5.51077430E+0
9.94893042E+0	5.51103590E+0
9.88781632E+0	5.50990589E+0
9.85744141E+0	5.50876592E+0
9.80762165E+0	5.50737283E+0
9.74151094E+0	5.50589797E+0
9.68284406E+0	5.50603180E+0
9.64006334E+0	5.50430838E+0
9.61437695E+0	5.50300866E+0
9.56239431E+0	5.50229749E+0
9.51788443E+0	5.50067363E+0
9.44345978E+0	5.49731504E+0
9.34081604E+0	5.49671384E+0
9.26887879E+0	5.49532783E+0
9.21092826E+0	5.49425584E+0
9.13458534E+0	5.49303893E+0
9.09558669E+0	5.49046512E+0
9.06825693E+0	5.49080414E+0
9.01811898E+0	5.49060102E+0
8.98406643E+0	5.49407567E+0
8.89287100E+0	5.48998088E+0
8.85226852E+0	5.48914383E+0
8.82171903E+0	5.48702841E+0
8.77982311E+0	5.48404138E+0
8.75114952E+0	5.48519834E+0
8.69543244E+0	5.48283985E+0
8.67941024E+0	5.48303822E+0
8.60367149E+0	5.48158413E+0
8.55307586E+0	5.47973488E+0
8.46175303E+0	5.47908665E+0
8.38662343E+0	5.47579780E+0
8.36799188E+0	5.47594886E+0
8.30530946E+0	5.47182883E+0
8.24807522E+0	5.46685454E+0
8.17252858E+0	5.46438265E+0
8.07267822E+0	5.45241076E+0
7.94752387E+0	5.44982288E+0
7.83070867E+0	5.45394078E+0
7.71478854E+0	5.44752441E+0
7.63612171E+0	5.44419177E+0
7.54137947E+0	5.43812392E+0
7.44205830E+0	5.43590088E+0
7.34179322E+0	5.43573821E+0
7.20176002E+0	5.42622173E+0
7.14876653E+0	5.42887730E+0
7.03623158E+0	5.41944631E+0
6.97486726E+0	5.41666486E+0
6.93480469E+0	5.41745957E+0
6.78120291E+0	5.41158759E+0
6.62625203E+0	5.40130908E+0
6.50009834E+0	5.39784582E+0
6.42681131E+0	5.39071210E+0
6.32709440E+0	5.39366508E+0
6.21063904E+0	5.38748053E+0
6.10649187E+0	5.37967701E+0
5.99121934E+0	5.38139185E+0
5.93142715E+0	5.37396433E+0
5.87310580E+0	5.36591529E+0
5.77544391E+0	5.36294072E+0
5.68311752E+0	5.35975743E+0
5.52771776E+0	5.35124596E+0
5.42787351E+0	5.34102691E+0
5.35772591E+0	5.33542006E+0
5.21075920E+0	5.32476569E+0
4.98597896E+0	5.30476398E+0
4.87063994E+0	5.30916466E+0
4.76311837E+0	5.29673445E+0
4.65502936E+0	5.28757843E+0
4.53331548E+0	5.27205607E+0
4.38455529E+0	5.26058731E+0
4.24092604E+0	5.24674975E+0
4.08454637E+0	5.23296224E+0
3.98579297E+0	5.22336950E+0
3.87353527E+0	5.21174166E+0
3.78798936E+0	5.19768153E+0
3.69410071E+0	5.18848654E+0
3.63268557E+0	5.18056806E+0
3.39721409E+0	5.14944783E+0
3.24354210E+0	5.12693251E+0
3.14981869E+0	5.10928413E+0
2.99969933E+0	5.08293827E+0
2.88924147E+0	5.06282047E+0
2.77783348E+0	5.04062534E+0
2.69054049E+0	5.02420139E+0
2.57386307E+0	4.99913734E+0
2.42020504E+0	4.96051702E+0
2.32523346E+0	4.93264113E+0
2.19121068E+0	4.90066159E+0
2.05106272E+0	4.85637475E+0
1.88440700E+0	4.79919475E+0
1.75826425E+0	4.74363050E+0
1.63826494E+0	4.68968398E+0
1.56274309E+0	4.64748218E+0
1.45737100E+0	4.58872478E+0
1.33097654E+0	4.50422038E+0
1.09720776E+0	4.32353469E+0
1.05324264E+0	4.29807274E+0
7.99811913E-1	3.91385308E+0
5.15526613E-1	3.35922654E+0
3.63375931E-1	2.71427304E+0
2.54890672E-1	2.08622126E+0
2.05892232E-1	1.67524583E+0
1.81966385E-1	1.44261543E+0
1.53588012E-1	1.10597467E+0
1.16283315E-1	5.82184519E-1
5.19581966E-2	-5.57970824E-2
2.89124494E-2	-1.66933448E-1
2.31730143E-2	-1.15808063E-1
2.57793379E-2	-1.17870348E-1
2.57746974E-2	-1.18523989E-1
2.57702434E-2	-1.17191998E-1
2.57654557E-2	-1.18180736E-1
2.56969967E-2	-1.17607966E-1
2.55508806E-2	-1.21037380E-1
