# Mess-Beginn: 11.07.2025 11:37:51
# Kei2000	Kei2000
3.21575405E-1	2.59516144E+0
3.21374600E-1	2.58933335E+0
3.21292791E-1	2.58935491E+0
3.21381770E-1	2.58879314E+0
3.21275837E-1	2.59187689E+0
3.21247000E-1	2.59562438E+0
3.21052724E-1	2.59094989E+0
3.21212489E-1	2.59421966E+0
3.21476802E-1	2.60492467E+0
3.21408595E-1	2.59604558E+0
3.21896621E-1	2.59843636E+0
3.22072881E-1	2.59791681E+0
3.22160261E-1	2.59974542E+0
3.21989053E-1	2.59708269E+0
3.20793236E-1	2.59063001E+0
3.18883265E-1	2.58007755E+0
3.14912330E-1	2.55730892E+0
3.12015212E-1	2.54069836E+0
3.06790680E-1	2.50757118E+0
3.03780133E-1	2.49175568E+0
2.99857178E-1	2.46314564E+0
2.95238448E-1	2.43186366E+0
2.92850693E-1	2.41732150E+0
2.90899420E-1	2.41062472E+0
2.88844807E-1	2.39513980E+0
2.85861867E-1	2.37743430E+0
2.83976220E-1	2.36455394E+0
2.79844149E-1	2.33340711E+0
2.74719084E-1	2.29649492E+0
2.71511221E-1	2.27344484E+0
2.68279115E-1	2.24881202E+0
2.64566507E-1	2.22189830E+0
2.59597617E-1	2.18034320E+0
2.53367186E-1	2.13195051E+0
2.50977329E-1	2.10818330E+0
2.46498322E-1	2.07839422E+0
2.43258912E-1	2.05306901E+0
2.40027562E-1	2.02201207E+0
2.37284000E-1	1.99540641E+0
2.33918356E-1	1.96521385E+0
2.31018959E-1	1.93438476E+0
2.27758747E-1	1.90817901E+0
2.24610815E-1	1.87987196E+0
2.21833914E-1	1.85794000E+0
2.19939720E-1	1.83384173E+0
2.16980325E-1	1.81348254E+0
2.14714770E-1	1.78794416E+0
2.12114303E-1	1.75915189E+0
2.09694117E-1	1.73695020E+0
2.07334331E-1	1.71205797E+0
2.05182550E-1	1.68649934E+0
2.03126474E-1	1.66509625E+0
1.99301893E-1	1.62069076E+0
1.96828916E-1	1.60303803E+0
1.94592813E-1	1.58080224E+0
1.93662510E-1	1.56941055E+0
1.91720855E-1	1.55198960E+0
1.89643254E-1	1.52867817E+0
1.88421828E-1	1.50763639E+0
1.85351586E-1	1.47088448E+0
1.82097698E-1	1.44343188E+0
1.79388082E-1	1.41127578E+0
1.76626405E-1	1.38195162E+0
1.74383970E-1	1.35392179E+0
1.71681433E-1	1.32404043E+0
1.69857392E-1	1.30049382E+0
1.68176721E-1	1.28355345E+0
1.66674472E-1	1.26844638E+0
1.64347081E-1	1.24293971E+0
1.61656554E-1	1.20876114E+0
1.58104900E-1	1.16694080E+0
1.54318421E-1	1.12461939E+0
1.52433785E-1	1.10053712E+0
1.50650261E-1	1.07726098E+0
1.49574383E-1	1.06601360E+0
1.46495824E-1	1.02072036E+0
1.43115006E-1	9.85533361E-1
1.42323635E-1	9.74107520E-1
1.38182004E-1	9.20199782E-1
1.35325944E-1	8.86908648E-1
1.33070125E-1	8.61829969E-1
1.30912399E-1	8.34726849E-1
1.28706718E-1	8.07249375E-1
1.26904850E-1	7.86678199E-1
1.25616490E-1	7.69760852E-1
1.23714831E-1	7.45093615E-1
1.21598020E-1	7.20772469E-1
1.19700102E-1	6.98827976E-1
1.17744008E-1	6.76593135E-1
1.16429783E-1	6.59492784E-1
1.13269517E-1	6.18711376E-1
1.08959832E-1	5.71669405E-1
1.04918535E-1	5.28839258E-1
1.03516633E-1	5.15932204E-1
9.92634422E-2	4.67887216E-1
9.58779906E-2	4.25515920E-1
9.22488968E-2	3.86837461E-1
8.86560101E-2	3.47613695E-1
8.54066906E-2	3.16881094E-1
8.10701244E-2	2.73553279E-1
7.69390564E-2	2.36004039E-1
7.31549887E-2	2.01801203E-1
6.61751277E-2	1.39498602E-1
5.96540325E-2	9.01463825E-2
5.59744593E-2	6.74356922E-2
4.97071964E-2	2.03152377E-2
4.21998176E-2	-1.97132517E-2
1.58307416E-2	-1.61099005E-1
1.76799632E-2	-1.35068325E-1
2.51439322E-2	-1.02494853E-1
2.46889248E-2	-1.09353816E-1
2.43712003E-2	-1.09281898E-1
2.44282786E-2	-1.11610223E-1
2.43174417E-2	-1.08750260E-1
2.40833351E-2	-1.10283933E-1
2.36583436E-2	-1.03157027E-1
