# Mess-Beginn: 11.07.2025 11:24:05
# Kei2000	Kei2000
-7.63096255E-2	-5.42707598E-1
-1.16355269E-1	-1.31673501E+0
-1.60583200E-1	-1.97260704E+0
-2.21327161E-1	-2.59426873E+0
-2.96112806E-1	-3.02103348E+0
-3.49667663E-1	-3.23710872E+0
-3.66926341E-1	-3.28725721E+0
-3.40168605E-1	-3.22285151E+0
-2.57218002E-1	-3.01996272E+0
-1.70573404E-1	-2.75052069E+0
-8.36969099E-2	-2.36394669E+0
-1.64746036E-2	-1.86004602E+0
4.00882752E-2	-1.28276985E+0
8.55747417E-2	-6.23438222E-1
1.22782156E-1	2.10938867E-2
1.53684566E-1	8.77074657E-1
1.94955395E-1	1.57632944E+0
2.51294786E-1	2.20710375E+0
3.20719805E-1	2.70916779E+0
3.84774432E-1	2.98910388E+0
4.15540826E-1	3.08693447E+0
4.05021450E-1	3.05595823E+0
3.44294464E-1	2.90935550E+0
2.54187480E-1	2.64586227E+0
1.60243209E-1	2.25081743E+0
7.60279020E-2	1.73602353E+0
1.28782860E-2	1.14093001E+0
-3.68140762E-2	3.94916990E-1
-7.44373538E-2	-5.63369815E-1
-1.20442522E-1	-1.38372452E+0
-1.73611156E-1	-2.14311874E+0
-2.51414469E-1	-2.81341550E+0
-3.33236935E-1	-3.19041562E+0
-3.66873506E-1	-3.28858186E+0
-3.33301746E-1	-3.20187598E+0
-2.29813900E-1	-2.93291013E+0
-9.54184294E-2	-2.50158569E+0
-2.81480525E-2	-1.93798097E+0
4.64004994E-2	-1.21917077E+0
9.55429808E-2	-3.70397201E-1
1.37103861E-1	5.71454274E-1
1.82076706E-1	1.38696873E+0
2.44376311E-1	2.11793005E+0
3.25301618E-1	2.71891163E+0
3.94506264E-1	3.02515980E+0
4.16416004E-1	3.08551719E+0
3.82378354E-1	2.99291121E+0
2.90239430E-1	2.76837302E+0
2.00060031E-1	2.44548770E+0
9.66702620E-2	2.01013776E+0
4.96420158E-2	1.49987732E+0
-1.19073707E-3	9.20187902E-1
-4.04672237E-2	3.20627696E-1
-7.05879341E-2	-6.10465038E-2
-9.84420062E-2	-9.63213552E-1
-1.32902211E-1	-1.56500591E+0
-1.73530476E-1	-2.11119162E+0
-2.27221841E-1	-2.60350655E+0
-2.84320148E-1	-2.95471987E+0
-3.33612991E-1	-3.16635662E+0
-3.59245706E-1	-3.25398463E+0
-3.60417604E-1	-3.25532250E+0
-3.41204818E-1	-3.21238310E+0
-2.96947237E-1	-3.10089744E+0
-2.37296236E-1	-2.94441658E+0
-1.79920461E-1	-2.75073043E+0
-1.18310705E-1	-2.50671391E+0
-6.26665685E-2	-2.20846889E+0
-1.45571504E-2	-1.88035737E+0
2.32111551E-2	-1.50870759E+0
5.69771620E-2	-1.10087878E+0
8.71076257E-2	-6.09487514E-1
1.11117753E-1	-2.08010984E-2
1.36502506E-1	5.15282454E-1
1.66779808E-1	1.07832836E+0
2.01554265E-1	1.67567930E+0
2.45315956E-1	2.17353520E+0
3.05734662E-1	2.61370033E+0
3.64074279E-1	2.90066485E+0
4.03617857E-1	3.04590467E+0
4.10075406E-1	3.06660806E+0
3.76646037E-1	2.98582345E+0
2.97634834E-1	2.78425308E+0
2.13464273E-1	2.50148544E+0
1.35595453E-1	2.14216754E+0
6.75113446E-2	1.70366228E+0
1.54170185E-2	1.23156363E+0
-2.17972255E-2	6.61050619E-1
-5.33725206E-2	1.76644516E-2
-8.22410301E-2	-6.33539112E-1
-1.16097664E-1	-1.32369639E+0
-1.52857950E-1	-1.86652537E+0
-2.04962384E-1	-2.41997458E+0
-2.65255321E-1	-2.84242779E+0
-3.20928260E-1	-3.12720667E+0
-3.57088927E-1	-3.25389020E+0
-3.63260238E-1	-3.26549478E+0
-3.37973314E-1	-3.20485940E+0
-2.73840088E-1	-3.04998923E+0
-2.00524702E-1	-2.83598984E+0
-1.29558554E-1	-2.56842316E+0
-6.38594880E-2	-2.22546947E+0
-1.24687055E-2	-1.84766349E+0
2.87926995E-2	-1.45346207E+0
6.31109978E-2	-9.69323288E-1
8.84965741E-2	-5.74663609E-1
1.10156196E-1	-2.80151426E-2
1.31958193E-1	4.79096097E-1
1.54690718E-1	8.55464211E-1
1.81675796E-1	1.33894681E+0
2.12261002E-1	1.79137841E+0
2.49835767E-1	2.17280703E+0
2.95676263E-1	2.52682832E+0
3.42267399E-1	2.78469518E+0
3.84351093E-1	2.97086845E+0
4.08994749E-1	3.06333021E+0
4.16618846E-1	3.08723193E+0
4.07093181E-1	3.06384900E+0
3.79051544E-1	2.99692416E+0
3.28594784E-1	2.87023247E+0
2.70388951E-1	2.70992075E+0
2.12611188E-1	2.52311878E+0
1.59950787E-1	2.29332278E+0
1.12705698E-1	2.02901485E+0
7.25026920E-2	1.74952170E+0
3.74804181E-2	1.44472816E+0
7.04108497E-3	1.12888643E+0
-1.77795885E-2	7.69166726E-1
-3.93817529E-2	3.88769660E-1
-5.80883993E-2	9.63419720E-3
-7.64512035E-2	-4.77339205E-1
-9.63018857E-2	-8.76700412E-1
-1.16993300E-1	-1.30700963E+0
-1.43261872E-1	-1.71443110E+0
-1.74821114E-1	-2.11723721E+0
-2.13234591E-1	-2.49574406E+0
-2.60551423E-1	-2.82427826E+0
-3.05700167E-1	-3.05573934E+0
-3.43201402E-1	-3.20483925E+0
-3.64107592E-1	-3.27668243E+0
-3.66165031E-1	-3.27883768E+0
-3.48843588E-1	-3.23664170E+0
-3.04495089E-1	-3.13555317E+0
-2.41622143E-1	-2.96550022E+0
-1.82480010E-1	-2.77616979E+0
-1.18113918E-1	-2.51209613E+0
-6.01650237E-2	-2.21721256E+0
-9.23803804E-3	-1.84662503E+0
3.04849279E-2	-1.44996091E+0
6.51820416E-2	-9.37852820E-1
9.48051712E-2	-4.49673652E-1
1.22133994E-1	1.27682048E-2
1.47463107E-1	7.31256377E-1
1.79984221E-1	1.34960636E+0
2.23611824E-1	1.90421701E+0
2.80827004E-1	2.44807285E+0
3.50751626E-1	2.84519231E+0
4.01235448E-1	3.05345124E+0
4.16107136E-1	3.08795944E+0
3.80759589E-1	3.00208144E+0
2.95527480E-1	2.77282878E+0
2.02948118E-1	2.44200459E+0
9.33352616E-2	1.98119719E+0
3.29803259E-2	1.36468604E+0
-2.21464903E-2	6.58995778E-1
-6.34472589E-2	-5.23264740E-2
-1.15674682E-1	-1.32054503E+0
-1.65573151E-1	-2.02133411E+0
-2.45431331E-1	-2.76617142E+0
-3.33011724E-1	-3.17582884E+0
-3.66429233E-1	-3.28099081E+0
-3.18257176E-1	-3.15760660E+0
-2.03381154E-1	-2.84569661E+0
-8.59014220E-2	-2.36297967E+0
-3.28237336E-3	-1.71205954E+0
6.10424318E-2	-9.24268969E-1
1.06547405E-1	-1.38798402E-2
1.50719106E-1	8.62780267E-1
2.03233767E-1	1.72183688E+0
2.82606232E-1	2.45068617E+0
3.66106331E-1	2.92211996E+0
4.13677889E-1	3.08397169E+0
4.06126898E-1	3.06058915E+0
3.40107486E-1	2.88740659E+0
2.37765899E-1	2.59433847E+0
1.40631352E-1	2.15625862E+0
6.08649640E-2	1.63532507E+0
5.40708166E-3	9.41197797E-1
-3.75659658E-2	3.32680722E-1
-7.37889844E-2	-5.49081006E-1
-1.15514583E-1	-1.33158376E+0
-1.58933435E-1	-1.96825628E+0
-2.25475506E-1	-2.61275089E+0
-3.07343827E-1	-3.07573646E+0
-3.59013413E-1	-3.26885430E+0
-3.63033583E-1	-3.27415057E+0
-3.06576464E-1	-3.13003943E+0
-1.94014420E-1	-2.81907896E+0
-8.32604328E-2	-2.34345364E+0
2.03066550E-4	-1.68567524E+0
6.62633180E-2	-8.58227263E-1
1.21659334E-1	6.83719910E-4
1.59353346E-1	1.01629738E+0
2.20625956E-1	1.87572790E+0
3.01493231E-1	2.58899673E+0
3.82378695E-1	2.98586911E+0
4.17987956E-1	3.09430092E+0
3.86406485E-1	3.01949170E+0
2.89681949E-1	2.75043394E+0
1.90314092E-1	2.39687604E+0
8.87652158E-2	1.90709532E+0
3.02798783E-2	1.37840299E+0
-1.77539210E-2	7.49853495E-1
