# Mess-Beginn: 11.07.2025 11:17:52
# Kei2000	Kei2000
-2.04693359E+0	-5.12142437E+0
-2.63512374E+0	-5.27264498E+0
-2.99531910E+0	-5.32623672E+0
-3.20893088E+0	-5.35441138E+0
-3.32106564E+0	-5.37711701E+0
-3.37757034E+0	-5.38331712E+0
-3.39923812E+0	-5.38616192E+0
-3.37851825E+0	-5.38688616E+0
-3.28991964E+0	-5.37647003E+0
-3.13229531E+0	-5.35092645E+0
-2.91792966E+0	-5.31956847E+0
-2.68638507E+0	-5.27273903E+0
-2.42074803E+0	-5.22190435E+0
-2.13933728E+0	-5.14749916E+0
-1.84990153E+0	-5.06167405E+0
-1.50895343E+0	-4.92201123E+0
-1.11106093E+0	-4.72095469E+0
-7.35846016E-1	-4.41767497E+0
-4.21606671E-1	-3.97520337E+0
-1.82101388E-1	-3.33000403E+0
-1.51688831E-2	-2.50543396E+0
8.29751045E-2	-1.49238393E+0
1.24214552E-1	-3.68160718E-1
1.86606982E-1	9.58603801E-1
3.06671072E-1	2.47606111E+0
6.74414907E-1	3.86035234E+0
1.45365013E+0	4.65416472E+0
2.33815842E+0	4.95412417E+0
2.88343394E+0	5.06756510E+0
3.19730240E+0	5.11201145E+0
3.35002592E+0	5.12837454E+0
3.42774735E+0	5.14475128E+0
3.44781790E+0	5.14915670E+0
3.34815086E+0	5.13418065E+0
3.09939021E+0	5.09475340E+0
2.77176900E+0	5.03593200E+0
2.41221376E+0	4.95445713E+0
2.01463036E+0	4.85217565E+0
1.64273707E+0	4.71168785E+0
1.13157339E+0	4.42782435E+0
7.28506499E-1	4.05909517E+0
3.93033189E-1	3.50259842E+0
1.58136326E-1	2.71351836E+0
1.19153880E-2	1.63557278E+0
-6.88233015E-2	3.87606389E-1
-1.25534331E-1	-9.12551435E-1
-2.57582404E-1	-2.70670912E+0
-6.06877322E-1	-4.08164623E+0
-1.41669389E+0	-4.89211288E+0
-2.29974183E+0	-5.20668697E+0
-2.84440927E+0	-5.31068902E+0
-3.13709845E+0	-5.35647400E+0
-3.29041294E+0	-5.38421455E+0
-3.36731489E+0	-5.39575182E+0
-3.39915142E+0	-5.39857531E+0
-3.40079763E+0	-5.39443967E+0
-3.33767151E+0	-5.38388946E+0
-3.19097251E+0	-5.36390602E+0
-2.98296136E+0	-5.33511164E+0
-2.73459032E+0	-5.28917458E+0
-2.45868224E+0	-5.23625371E+0
-2.18836875E+0	-5.16675578E+0
-1.91532701E+0	-5.09358333E+0
-1.64775590E+0	-4.98793724E+0
-1.26558382E+0	-4.80360754E+0
-9.08066553E-1	-4.54400017E+0
-6.11760228E-1	-4.24303615E+0
-3.32607135E-1	-3.73805706E+0
-7.51644654E-2	-2.98556426E+0
4.63784255E-2	-1.90668309E+0
1.09888411E-1	-5.68795697E-1
1.81527303E-1	8.92049081E-1
3.39746896E-1	2.78806122E+0
9.38636022E-1	4.32775586E+0
2.19435071E+0	4.91384563E+0
2.97485028E+0	5.08063981E+0
3.29953032E+0	5.12838802E+0
3.42120389E+0	5.14318913E+0
3.45178431E+0	5.14698887E+0
3.36954483E+0	5.13380614E+0
3.11845186E+0	5.09603897E+0
2.78718201E+0	5.03565670E+0
2.40498832E+0	4.95610517E+0
2.00957983E+0	4.85417634E+0
1.63062206E+0	4.70901093E+0
1.13690110E+0	4.43854928E+0
7.38587444E-1	4.08269695E+0
4.13691325E-1	3.51412463E+0
1.53616009E-1	2.63449476E+0
4.05283656E-3	1.43639045E+0
-8.60305128E-2	2.39088203E-2
-1.60201347E-1	-1.69388096E+0
-3.63214099E-1	-3.31814085E+0
-9.46906174E-1	-4.63904043E+0
-2.04137448E+0	-5.13584177E+0
-2.75442375E+0	-5.29773059E+0
-3.14481934E+0	-5.35713432E+0
-3.32004761E+0	-5.38172300E+0
-3.39089166E+0	-5.39290898E+0
-3.40231677E+0	-5.39430185E+0
-3.30516409E+0	-5.37653409E+0
-3.06909258E+0	-5.34024462E+0
-2.77165984E+0	-5.28740496E+0
-2.43163379E+0	-5.22088129E+0
-2.08000623E+0	-5.10746248E+0
-1.73692804E+0	-4.99225265E+0
-1.28485151E+0	-4.79556480E+0
-8.43558936E-1	-4.47463110E+0
-4.89732746E-1	-4.02817829E+0
-1.74178384E-1	-3.20885987E+0
-2.31402655E-3	-2.08403161E+0
1.11575868E-1	-5.73027424E-1
1.91166302E-1	1.49971756E+0
3.97074159E-1	3.04946401E+0
1.33850733E+0	4.51508855E+0
2.30363334E+0	4.98438229E+0
3.01731377E+0	5.11580893E+0
3.30715391E+0	5.15896256E+0
3.42219868E+0	5.17066069E+0
3.45738011E+0	5.17643000E+0
3.39782952E+0	5.17044289E+0
3.16525561E+0	5.13011247E+0
2.82804361E+0	5.04934365E+0
2.47906552E+0	4.97692830E+0
2.10403116E+0	4.88660737E+0
1.74951113E+0	4.75674383E+0
1.29026359E+0	4.51169265E+0
8.65274633E-1	4.20705235E+0
5.32678505E-1	3.74751619E+0
2.38973300E-1	3.02419895E+0
3.26054303E-2	2.06124339E+0
-4.65751626E-2	7.27955514E-1
-1.17920638E-1	-8.44426456E-1
-2.56364650E-1	-2.78218011E+0
-7.94589732E-1	-4.42171496E+0
-1.97867832E+0	-5.14899399E+0
-2.88991316E+0	-5.32754700E+0
-3.26200227E+0	-5.37837536E+0
-3.39117782E+0	-5.39164921E+0
-3.39628658E+0	-5.39326810E+0
-3.18906135E+0	-5.36265948E+0
-2.78729509E+0	-5.29195591E+0
-2.28538600E+0	-5.18721140E+0
-1.81160872E+0	-5.04010301E+0
-1.19161296E+0	-4.74050961E+0
-6.42211831E-1	-4.24785902E+0
-2.18029786E-1	-3.34793521E+0
4.58990523E-2	-1.87812481E+0
1.33912085E-1	-9.58010576E-3
3.04567016E-1	2.52082224E+0
1.35254382E+0	4.50882332E+0
2.56488873E+0	5.02638575E+0
3.25981491E+0	5.12023543E+0
3.43669949E+0	5.14295012E+0
3.43576351E+0	5.13958597E+0
3.14741123E+0	5.09451623E+0
2.67625637E+0	5.00812138E+0
2.12686969E+0	4.87540625E+0
1.58791242E+0	4.66532378E+0
8.92664970E-1	4.24336002E+0
4.37338386E-1	3.53273243E+0
6.39129494E-2	2.27940050E+0
-7.06726773E-2	5.17483948E-1
-1.63639998E-1	-1.92375323E+0
-6.52749629E-1	-4.21933501E+0
-2.04346127E+0	-5.17674065E+0
-3.03818987E+0	-5.35313697E+0
-3.34205203E+0	-5.39120972E+0
-3.41650607E+0	-5.40534169E+0
-3.31453775E+0	-5.38547779E+0
-2.99371360E+0	-5.33087844E+0
-2.58332549E+0	-5.25412743E+0
-2.17865342E+0	-5.15295046E+0
-1.77090556E+0	-5.03071542E+0
-1.26466792E+0	-4.77865528E+0
-7.76784344E-1	-4.43160047E+0
-4.12451555E-1	-3.89492677E+0
-1.54647118E-1	-3.05747168E+0
4.27846770E-2	-1.88876928E+0
1.14617501E-1	-4.43512432E-1
