# Mess-Beginn: 11.07.2025 11:13:31
# Kei2000	Kei2000
8.45252196E+0	5.47553402E+0
7.13935635E+0	5.42677996E+0
5.83341648E+0	5.36634279E+0
4.52076929E+0	5.27579576E+0
2.82324684E+0	5.04191764E+0
1.41322303E+0	4.57538189E+0
4.21016885E-1	3.41824934E+0
-5.28724273E-2	6.81756743E-1
-2.29150141E-1	-2.56054481E+0
-1.76740019E+0	-5.14686979E+0
-4.87849222E+0	-5.55948257E+0
-6.90172943E+0	-5.65820062E+0
-8.21816903E+0	-5.69736089E+0
-9.08244509E+0	-5.71939371E+0
-9.67227972E+0	-5.73422730E+0
-9.94699158E+0	-5.74165045E+0
-1.00732399E+1	-5.74288517E+0
-1.01098975E+1	-5.74216560E+0
-1.00252177E+1	-5.74030053E+0
-9.53953870E+0	-5.73214592E+0
-8.66036172E+0	-5.70827548E+0
-7.59771394E+0	-5.67680772E+0
-6.50637611E+0	-5.63094387E+0
-5.35532300E+0	-5.57373316E+0
-4.17588445E+0	-5.47390703E+0
-2.64449225E+0	-5.23966459E+0
-1.46387267E+0	-4.85164605E+0
-4.44190963E-1	-3.79046106E+0
8.31918010E-2	-1.64882812E+0
2.28755864E-1	1.97614744E+0
1.55400593E+0	4.81843056E+0
4.74016952E+0	5.31978337E+0
6.88304832E+0	5.42800981E+0
8.25370644E+0	5.47076303E+0
9.17535662E+0	5.49471787E+0
9.77008284E+0	5.50929376E+0
1.00216431E+1	5.51337101E+0
1.01430975E+1	5.51633930E+0
1.01468770E+1	5.51874734E+0
9.84121037E+0	5.51129371E+0
9.02478890E+0	5.48845785E+0
7.89480660E+0	5.45711502E+0
6.63573055E+0	5.41058329E+0
5.38308376E+0	5.35004881E+0
3.95978760E+0	5.22333659E+0
2.27640146E+0	4.93240359E+0
8.91200797E-1	4.31639478E+0
2.24262138E-1	2.80109020E+0
-7.07443159E-2	-5.22757667E-2
-3.47136450E-1	-3.35989037E+0
-2.54900228E+0	-5.29627517E+0
-5.53678313E+0	-5.58975021E+0
-7.34331686E+0	-5.66944164E+0
-8.48745678E+0	-5.70278234E+0
-9.22374534E+0	-5.71775513E+0
-9.69031764E+0	-5.72948331E+0
-9.94145836E+0	-5.73605756E+0
-1.00609406E+1	-5.74387472E+0
-1.01032238E+1	-5.74385206E+0
-1.00843896E+1	-5.74072388E+0
-9.84278716E+0	-5.73511557E+0
-9.27990095E+0	-5.72249932E+0
-8.42459103E+0	-5.69540988E+0
-7.53421156E+0	-5.67025440E+0
-6.58285080E+0	-5.63181581E+0
-5.58861535E+0	-5.58595352E+0
-4.57872875E+0	-5.51453019E+0
-3.23493562E+0	-5.36088200E+0
-1.99729758E+0	-5.09389291E+0
-9.28784858E-1	-4.64328059E+0
-3.18383793E-1	-3.58247315E+0
5.55152257E-2	-1.76819795E+0
1.68686285E-1	7.52264411E-1
5.37169630E-1	3.74535639E+0
2.52983120E+0	5.06032251E+0
4.91384964E+0	5.32893569E+0
6.75168367E+0	5.41929210E+0
7.99045453E+0	5.45956031E+0
8.84338047E+0	5.48411219E+0
9.48915832E+0	5.49678660E+0
9.87601248E+0	5.50807609E+0
1.00729741E+1	5.51359730E+0
1.01602151E+1	5.51406063E+0
1.01718388E+1	5.51470746E+0
9.98666322E+0	5.51089642E+0
9.28934064E+0	5.49447762E+0
8.28048918E+0	5.46331362E+0
7.22206505E+0	5.42806074E+0
6.10787189E+0	5.37924470E+0
4.99445221E+0	5.31421226E+0
3.53269983E+0	5.15534120E+0
2.00597164E+0	4.83060924E+0
8.60088110E-1	4.14576838E+0
2.23523717E-1	2.55696387E+0
-9.22207907E-2	-5.47952569E-1
-3.57824858E-1	-3.28853721E+0
-2.51693088E+0	-5.30548495E+0
-5.38286917E+0	-5.59132118E+0
-7.32777593E+0	-5.67365267E+0
-8.49169707E+0	-5.71040560E+0
-9.30587193E+0	-5.72855598E+0
-9.77506242E+0	-5.73937180E+0
-9.99704803E+0	-5.74479185E+0
-1.00971456E+1	-5.74653183E+0
-1.01164344E+1	-5.74717139E+0
-9.93443221E+0	-5.74127853E+0
-9.38405977E+0	-5.72835650E+0
-8.52185268E+0	-5.70706782E+0
-7.63547616E+0	-5.67944516E+0
-6.73112534E+0	-5.64621357E+0
-5.81743489E+0	-5.60320146E+0
-5.01435767E+0	-5.55395023E+0
-3.90554990E+0	-5.45351115E+0
-2.72124147E+0	-5.27756703E+0
-1.72300457E+0	-5.00151107E+0
-8.89295055E-1	-4.54077841E+0
-2.71347757E-1	-3.42917808E+0
5.01943047E-2	-1.75705773E+0
1.53141394E-1	6.84744663E-1
3.60035129E-1	2.92925295E+0
1.38246040E+0	4.67459762E+0
3.36963114E+0	5.17209858E+0
5.27702614E+0	5.33290492E+0
6.87083061E+0	5.40911345E+0
7.93989611E+0	5.44599614E+0
8.71686835E+0	5.47188191E+0
9.27913360E+0	5.48745862E+0
9.67426665E+0	5.49686358E+0
9.90742449E+0	5.50161770E+0
1.00511669E+1	5.50706897E+0
1.01273910E+1	5.50850322E+0
1.01529738E+1	5.50603010E+0
1.01397699E+1	5.50873371E+0
9.99710643E+0	5.50070046E+0
9.68983926E+0	5.49454027E+0
9.21783882E+0	5.48695776E+0
8.56057423E+0	5.47845524E+0
7.88793424E+0	5.41789967E+0
7.20506350E+0	5.38118512E+0
6.45525380E+0	5.40129407E+0
5.64565956E+0	5.36677475E+0
4.94637549E+0	5.31954098E+0
3.97401133E+0	5.24262341E+0
2.83467968E+0	5.05578832E+0
1.83064815E+0	4.80269976E+0
9.08205885E-1	4.31605928E+0
3.57300159E-1	3.37741254E+0
4.17008338E-3	1.81858413E+0
-9.92047752E-2	-5.72806050E-1
-3.04390445E-1	-3.01462854E+0
-1.66520770E+0	-5.03765915E+0
-4.07161406E+0	-5.47904401E+0
-6.08858929E+0	-5.60366727E+0
-7.38721034E+0	-5.65448979E+0
-8.29873479E+0	-5.68121634E+0
-8.96405902E+0	-5.69891406E+0
-9.46374372E+0	-5.73672776E+0
-9.77393965E+0	-5.74332026E+0
-9.94943879E+0	-5.74637242E+0
-1.00561784E+1	-5.74827136E+0
-1.00984662E+1	-5.74272687E+0
-1.00807789E+1	-5.74457677E+0
-9.87455855E+0	-5.74154398E+0
-9.41200608E+0	-5.72948755E+0
-8.75604357E+0	-5.71316656E+0
-7.95776738E+0	-5.69224010E+0
-7.19798925E+0	-5.66412529E+0
-6.45011742E+0	-5.63551996E+0
-5.69165218E+0	-5.59922063E+0
-5.07011520E+0	-5.56136099E+0
-4.22471064E+0	-5.49438998E+0
-3.16558602E+0	-5.36949162E+0
-2.22161751E+0	-5.18073071E+0
-1.47859867E+0	-4.90570252E+0
-8.49451568E-1	-4.44267759E+0
-3.17917271E-1	-3.64475009E+0
1.51434696E-3	-2.45026554E+0
1.04416187E-1	-7.50560250E-1
1.84096867E-1	7.83630250E-1
4.18408477E-1	3.15951816E+0
1.54911755E+0	4.70898050E+0
3.47783125E+0	5.18971797E+0
5.16917907E+0	5.33574696E+0
6.40594555E+0	5.40241297E+0
7.32686224E+0	5.42615417E+0
7.96910099E+0	5.45475231E+0
8.48551866E+0	5.46618156E+0
8.88527525E+0	5.47919165E+0
9.21573984E+0	5.49486313E+0
9.46409130E+0	5.50114019E+0
9.69041871E+0	5.50663369E+0
9.84467097E+0	5.51075010E+0
9.95090337E+0	5.51207249E+0
1.00309680E+1	5.51311380E+0
1.00902132E+1	5.51429100E+0
1.01294677E+1	5.52115076E+0
1.01477908E+1	5.51947810E+0
1.01449641E+1	5.50273806E+0
1.00539117E+1	5.50139846E+0
9.77676299E+0	5.49151923E+0
9.27997143E+0	5.47710048E+0
8.55307691E+0	5.45884203E+0
7.76976386E+0	5.43284216E+0
6.93678608E+0	5.40543311E+0
6.11607199E+0	5.37122723E+0
