# Mess-Beginn: 11.07.2025 11:20:36
# Kei2000	Kei2000
-3.00710479E-1	-3.00038142E+0
-4.30766679E-1	-3.59357728E+0
-6.14700340E-1	-4.05407667E+0
-8.07380374E-1	-4.34927541E+0
-9.62496155E-1	-4.50986131E+0
-1.03668060E+0	-4.57278532E+0
-1.03201992E+0	-4.55182234E+0
-9.75080088E-1	-4.50517843E+0
-8.80090402E-1	-4.43195384E+0
-7.76356134E-1	-4.33247671E+0
-6.60980107E-1	-4.20897593E+0
-5.21908866E-1	-4.02437261E+0
-3.96363343E-1	-3.80332824E+0
-2.83780217E-1	-3.55478077E+0
-1.84946975E-1	-3.24452671E+0
-7.75552518E-2	-2.85418557E+0
-2.98465844E-2	-2.42220754E+0
2.58222966E-2	-1.94939549E+0
6.51486599E-2	-1.43703810E+0
9.47362957E-2	-8.74180537E-1
1.23265105E-1	-2.71224315E-1
1.50675383E-1	6.20172460E-2
1.85378052E-1	9.85702651E-1
2.27796696E-1	1.66944300E+0
2.85924180E-1	2.28206308E+0
3.68632111E-1	2.87511109E+0
4.76849642E-1	3.35385837E+0
6.19921905E-1	3.75586229E+0
7.67305807E-1	4.01382208E+0
9.15956367E-1	4.19864982E+0
1.02755718E+0	4.30552607E+0
1.08767606E+0	4.35019403E+0
1.09382911E+0	4.33518603E+0
1.06185469E+0	4.31412177E+0
9.98149176E-1	4.26233636E+0
9.20604879E-1	4.20951701E+0
8.32251838E-1	4.13517322E+0
7.49013383E-1	4.05147675E+0
6.40272547E-1	3.91463833E+0
5.24649881E-1	3.74519337E+0
4.25467471E-1	3.56595416E+0
3.32699810E-1	3.35126062E+0
2.50398695E-1	3.09979476E+0
1.78151169E-1	2.80783492E+0
1.15788302E-1	2.49213399E+0
6.58033834E-2	2.12944889E+0
2.07538269E-2	1.72204753E+0
-1.18763066E-2	1.27982826E+0
-3.95303246E-2	7.80417896E-1
-6.45883595E-2	2.32268573E-1
-8.66281104E-2	-5.35687614E-2
-1.18374156E-1	-9.05578225E-1
-1.53302697E-1	-1.54147516E+0
-1.98230884E-1	-2.14069857E+0
-2.56337134E-1	-2.70073030E+0
-3.37000931E-1	-3.18096405E+0
-4.44456421E-1	-3.62549359E+0
-5.88754208E-1	-3.98822803E+0
-7.42766625E-1	-4.24417444E+0
-8.94979782E-1	-4.42194987E+0
-1.00375337E+0	-4.52253343E+0
-1.04347083E+0	-4.54821611E+0
-1.02666498E+0	-4.53472163E+0
-9.75620658E-1	-4.49025680E+0
-9.06006425E-1	-4.43719613E+0
-8.20871703E-1	-4.36564253E+0
-7.33887857E-1	-4.27802384E+0
-6.22163680E-1	-4.15736942E+0
-4.97808078E-1	-3.97833335E+0
-3.87460249E-1	-3.77876123E+0
-2.90439104E-1	-3.54772727E+0
-1.94674232E-1	-3.23906955E+0
-9.07666691E-2	-2.88035429E+0
-3.38362738E-2	-2.43338950E+0
2.40958948E-2	-1.94831578E+0
6.41945056E-2	-1.45646498E+0
9.58363080E-2	-8.85376731E-1
1.23566413E-1	-2.40988335E-1
1.52994181E-1	6.47588700E-2
1.88586422E-1	9.96143206E-1
2.33849066E-1	1.76428681E+0
2.95192245E-1	2.39974744E+0
3.76852342E-1	2.94940494E+0
4.88875190E-1	3.41017102E+0
6.29096939E-1	3.78670733E+0
7.92450843E-1	4.05344824E+0
9.50240379E-1	4.22911494E+0
1.05123851E+0	4.32838806E+0
1.09363635E+0	4.36862558E+0
1.08235636E+0	4.34660101E+0
1.02853732E+0	4.30532306E+0
9.58060387E-1	4.25567142E+0
8.78618274E-1	4.17674184E+0
7.91350437E-1	4.09245399E+0
7.05779465E-1	3.99321400E+0
5.98189345E-1	3.86200334E+0
5.02026884E-1	3.71454222E+0
4.22045012E-1	3.54812963E+0
3.48511090E-1	3.35958558E+0
2.73681976E-1	3.17780163E+0
2.02381653E-1	2.91524979E+0
1.39214049E-1	2.61253214E+0
8.12062572E-2	2.26447997E+0
4.05797237E-2	1.92578779E+0
5.39460407E-3	1.53264437E+0
-2.36098599E-2	1.12519449E+0
-4.58709320E-2	6.71759348E-1
-6.69953638E-2	2.05858677E-1
-8.83652785E-2	-4.64530037E-2
-1.14250051E-1	-8.44600806E-1
-1.46123178E-1	-1.41228620E+0
-1.90277137E-1	-1.98872721E+0
-2.49923289E-1	-2.59031780E+0
-3.27659633E-1	-3.09304952E+0
-4.35654150E-1	-3.56619485E+0
-5.79717331E-1	-3.95259005E+0
-7.46309815E-1	-4.21677608E+0
-8.95255049E-1	-4.39541489E+0
-1.00381090E+0	-4.48815716E+0
-1.04208470E+0	-4.51741314E+0
-1.02522225E+0	-4.49844601E+0
-9.72281043E-1	-4.46061439E+0
-8.97440038E-1	-4.39710699E+0
-8.04508002E-1	-4.31627555E+0
-7.09947888E-1	-4.21650245E+0
-5.84018003E-1	-4.07163246E+0
-4.51789590E-1	-3.87594451E+0
-3.37409222E-1	-3.64338863E+0
-2.31385731E-1	-3.34514048E+0
-1.34492516E-1	-2.97022809E+0
-4.89019220E-2	-2.51862129E+0
1.75312007E-2	-1.96489831E+0
6.62619744E-2	-1.35595392E+0
1.07031061E-1	-6.62784866E-1
1.39756200E-1	1.85620732E-2
1.83915116E-1	1.02395421E+0
2.49354890E-1	2.05570482E+0
3.65539774E-1	2.94146918E+0
5.55766183E-1	3.64074429E+0
8.00541295E-1	4.08773449E+0
1.01373484E+0	4.32333351E+0
1.09827484E+0	4.38037995E+0
1.05494224E+0	4.33738972E+0
9.48389797E-1	4.24915342E+0
8.06974077E-1	4.12751140E+0
6.41455096E-1	3.92206033E+0
4.52547531E-1	3.63755166E+0
3.03266065E-1	3.26213377E+0
1.69048408E-1	2.76021508E+0
6.71423144E-2	2.11546156E+0
-5.92721277E-3	1.34931182E+0
-5.93691992E-2	3.43484509E-1
-1.13634768E-1	-8.56542803E-1
-1.93994703E-1	-2.11702921E+0
-3.41297587E-1	-3.21880679E+0
-6.02918241E-1	-4.03821423E+0
-9.20480183E-1	-4.44490227E+0
-1.04750549E+0	-4.53423770E+0
-9.69964201E-1	-4.46160539E+0
-7.90511187E-1	-4.31901907E+0
-5.75769915E-1	-4.05921955E+0
-3.53744281E-1	-3.67463731E+0
-1.68498801E-1	-3.10262659E+0
-3.04108666E-2	-2.34570253E+0
5.76228847E-2	-1.41720279E+0
1.13998755E-1	-3.66045773E-1
1.70805270E-1	8.78725724E-1
2.62937186E-1	2.13426648E+0
4.25900906E-1	3.22946125E+0
6.98312179E-1	3.93684860E+0
9.78155090E-1	4.27791983E+0
1.09740240E+0	4.36660168E+0
1.04619370E+0	4.31763651E+0
9.10179073E-1	4.20347775E+0
7.51100199E-1	4.05324381E+0
5.54439274E-1	3.78018792E+0
3.79653023E-1	3.44112595E+0
2.26030808E-1	3.00837420E+0
8.80897547E-2	2.44118756E+0
2.68002343E-2	1.73669299E+0
-2.96727464E-2	8.87499746E-1
-7.41107316E-2	1.81377253E-2
-1.22033056E-1	-1.00875799E+0
-1.88819076E-1	-2.06467757E+0
-3.02613621E-1	-3.00924058E+0
-4.81867411E-1	-3.73964600E+0
-7.43318114E-1	-4.24804144E+0
-9.68342823E-1	-4.48971120E+0
-1.04791784E+0	-4.53974058E+0
-9.86086532E-1	-4.48928998E+0
-8.59328567E-1	-4.37839050E+0
-7.15729467E-1	-4.24375478E+0
-5.42747276E-1	-4.01308758E+0
-3.71728273E-1	-3.72987892E+0
-2.32675280E-1	-3.36309146E+0
-8.43338740E-2	-2.85441584E+0
-1.32245075E-2	-2.22976496E+0
5.66340331E-2	-1.47789899E+0
1.07918600E-1	-6.38337041E-1
