# Mess-Beginn: 11.07.2025 13:30:31
# Kei2000	Kei2000
-7.94126551E+0	-3.63175127E+0
-7.15316491E+0	-3.54496727E+0
-6.39588492E+0	-3.43496384E+0
-5.67049453E+0	-3.31339268E+0
-4.90772553E+0	-3.14283883E+0
-3.77013908E+0	-2.81679120E+0
-2.68672160E+0	-2.37860306E+0
-1.71134919E+0	-1.80455045E+0
-6.95090741E-1	-9.91659956E-1
4.11380710E-1	-9.03906861E-2
1.55285631E+0	8.66053636E-1
2.85507657E+0	1.77938564E+0
4.54656365E+0	2.66140409E+0
6.64601942E+0	3.22448533E+0
8.38007681E+0	3.48089850E+0
9.48466759E+0	3.58020570E+0
9.96770090E+0	3.61561549E+0
1.01263651E+1	3.62555993E+0
9.98875440E+0	3.61356588E+0
9.20342600E+0	3.54567293E+0
7.91801718E+0	3.42690821E+0
6.48499310E+0	3.24357773E+0
5.15490075E+0	2.96824023E+0
3.36872049E+0	2.39922217E+0
1.94114687E+0	1.66804981E+0
6.25112677E-1	6.71893082E-1
-6.93644619E-1	-3.54577072E-1
-2.03892389E+0	-1.48367702E+0
-3.44984180E+0	-2.34515181E+0
-5.30910119E+0	-3.14331112E+0
-7.41051173E+0	-3.55277652E+0
-8.96035493E+0	-3.73950502E+0
-9.69068963E+0	-3.79607175E+0
-1.00109234E+1	-3.82162961E+0
-1.00934749E+1	-3.82682263E+0
-9.78700174E+0	-3.80251392E+0
-8.94382600E+0	-3.72622662E+0
-7.86837491E+0	-3.61955685E+0
-6.64003573E+0	-3.46133434E+0
-5.44377438E+0	-3.26203715E+0
-4.00500639E+0	-2.85225352E+0
-2.53482468E+0	-2.28618415E+0
-1.29074292E+0	-1.48703351E+0
-5.34149961E-2	-4.05336010E-1
1.31228223E+0	6.38269598E-1
2.70870827E+0	1.64645982E+0
4.29512297E+0	2.51981005E+0
6.19961792E+0	3.10676460E+0
7.81553331E+0	3.40336740E+0
8.96968938E+0	3.52501112E+0
9.60046076E+0	3.57550096E+0
9.91350433E+0	3.60432875E+0
1.00774328E+1	3.62168779E+0
1.01296526E+1	3.63425411E+0
1.00670971E+1	3.63056071E+0
9.70295265E+0	3.59715861E+0
9.07854450E+0	3.53128798E+0
8.35107185E+0	3.46498909E+0
7.61874247E+0	3.38846224E+0
6.87873830E+0	3.28703116E+0
6.04021074E+0	3.16377259E+0
5.24158704E+0	3.00108089E+0
4.16695533E+0	2.71768173E+0
3.05126677E+0	2.31832057E+0
2.19347578E+0	1.85585553E+0
1.29700702E+0	1.22401799E+0
4.02013117E-1	5.09559171E-1
-4.76342795E-1	-2.09526034E-1
-1.42129052E+0	-9.70738651E-1
-2.41039907E+0	-1.69176237E+0
-3.39503938E+0	-2.31070744E+0
-4.66578367E+0	-2.87258189E+0
-6.05479134E+0	-3.29599690E+0
-7.30698471E+0	-3.53917558E+0
-8.37915867E+0	-3.68421475E+0
-9.20103579E+0	-3.76347615E+0
-9.69063333E+0	-3.81276527E+0
-9.95723903E+0	-3.83213476E+0
-1.00917410E+1	-3.84137522E+0
-1.00701921E+1	-3.83361181E+0
-9.69620480E+0	-3.80590588E+0
-8.86149328E+0	-3.73179505E+0
-7.81379102E+0	-3.62639459E+0
-6.59221998E+0	-3.46699907E+0
-5.40652848E+0	-3.26241238E+0
-3.95785394E+0	-2.87374608E+0
-2.45459569E+0	-2.24115991E+0
-1.13457479E+0	-1.30817820E+0
3.40472530E-1	-1.16215100E-1
1.92750376E+0	1.12498397E+0
3.55174478E+0	2.22255537E+0
5.81981613E+0	3.05344136E+0
8.02303566E+0	3.43877833E+0
9.37693189E+0	3.57232957E+0
9.94136541E+0	3.61693602E+0
1.01407220E+1	3.63102086E+0
9.96648723E+0	3.61333643E+0
9.05195324E+0	3.53583485E+0
7.74578478E+0	3.40602949E+0
6.37214492E+0	3.21216092E+0
4.90219084E+0	2.91854652E+0
3.11120458E+0	2.29532537E+0
1.64762029E+0	1.50927938E+0
1.91289550E-1	3.26856228E-1
-1.24438192E+0	-8.86590966E-1
-2.86064260E+0	-1.98826382E+0
-4.90184376E+0	-2.98112752E+0
-7.28955725E+0	-3.54336165E+0
-8.96871148E+0	-3.73329307E+0
-9.76801975E+0	-3.80044385E+0
-1.00538642E+1	-3.81689024E+0
-1.00923247E+1	-3.82050232E+0
-9.67548538E+0	-3.78764205E+0
-8.79690920E+0	-3.71307156E+0
-7.76690456E+0	-3.61148911E+0
-6.71920268E+0	-3.47575926E+0
-5.70409280E+0	-3.31235610E+0
-4.68649937E+0	-3.09364762E+0
-3.45400304E+0	-2.71391344E+0
-2.49324754E+0	-2.27200379E+0
-1.66773480E+0	-1.75024646E+0
-7.41365581E-1	-1.04560571E+0
1.95501492E-1	-2.50529544E-1
1.20333899E+0	5.65068906E-1
2.35491021E+0	1.43382055E+0
3.57746312E+0	2.15690244E+0
5.02682949E+0	2.81865602E+0
6.51908638E+0	3.21615381E+0
7.92769715E+0	3.43108161E+0
8.97897499E+0	3.54393114E+0
9.61641506E+0	3.60517432E+0
9.96176855E+0	3.63174056E+0
1.01182108E+1	3.64494197E+0
1.01631170E+1	3.64701978E+0
1.00150928E+1	3.63539811E+0
9.56868156E+0	3.60006530E+0
8.86140681E+0	3.53714373E+0
8.02208301E+0	3.45875498E+0
7.23079818E+0	3.36400686E+0
6.41272697E+0	3.24661002E+0
5.60906409E+0	3.10674728E+0
4.66411328E+0	2.88677123E+0
3.57467318E+0	2.54373814E+0
2.64893694E+0	2.15128752E+0
1.87353073E+0	1.67592416E+0
1.01656902E+0	1.04673973E+0
1.33430845E-1	3.28055944E-1
-7.78003742E-1	-4.61338145E-1
-1.79284929E+0	-1.23828396E+0
-2.75457591E+0	-1.87385301E+0
-3.82321646E+0	-2.51567078E+0
-5.12491564E+0	-3.01705893E+0
-6.55006917E+0	-3.38247218E+0
-7.85829234E+0	-3.58533147E+0
-8.84631359E+0	-3.69726780E+0
-9.51553247E+0	-3.75381065E+0
-9.85613646E+0	-3.78564113E+0
