# Mess-Beginn: 11.07.2025 13:27:24
# Kei2000	Kei2000
1.57350097E+0	1.52084404E+0
9.44554322E-1	1.04123620E+0
3.20383088E-1	5.28571711E-1
-2.96579982E-1	-3.28625684E-2
-1.00415857E+0	-6.62355044E-1
-1.87122724E+0	-1.36551143E+0
-2.78133931E+0	-2.05422580E+0
-4.05657390E+0	-2.76339855E+0
-5.65249201E+0	-3.29326057E+0
-7.23347272E+0	-3.60235180E+0
-8.50872166E+0	-3.74892569E+0
-9.30194998E+0	-3.82443767E+0
-9.76021873E+0	-3.86768939E+0
-9.99573947E+0	-3.88543794E+0
-1.01091105E+1	-3.89215576E+0
-1.01028024E+1	-3.88915264E+0
-9.85655239E+0	-3.87007151E+0
-9.29493517E+0	-3.83178687E+0
-8.58299094E+0	-3.77156120E+0
-7.91026146E+0	-3.70943526E+0
-7.24172088E+0	-3.63306481E+0
-6.52013714E+0	-3.53788276E+0
-5.86661166E+0	-3.43179655E+0
-5.26489396E+0	-3.32013273E+0
-4.56578505E+0	-3.15816086E+0
-3.82206783E+0	-2.94592773E+0
-3.10326604E+0	-2.70293869E+0
-2.51999415E+0	-2.41920852E+0
-1.93932933E+0	-2.07338611E+0
-1.34637257E+0	-1.66007770E+0
-7.57247257E-1	-1.18329487E+0
-1.41652705E-1	-6.58930920E-1
4.40114774E-1	-1.29910919E-1
1.15342322E+0	4.41075828E-1
1.91516522E+0	1.06068345E+0
2.70902464E+0	1.64567979E+0
3.61831578E+0	2.17543635E+0
4.67329786E+0	2.68502240E+0
5.88793004E+0	3.03059846E+0
7.01521871E+0	3.26298889E+0
8.07551084E+0	3.42119393E+0
8.89986773E+0	3.51291386E+0
9.44320983E+0	3.56170920E+0
9.79986744E+0	3.59277177E+0
1.00136601E+1	3.60091827E+0
1.01210344E+1	3.61950164E+0
1.01627141E+1	3.62004576E+0
1.00747647E+1	3.61547676E+0
9.70702866E+0	3.58626436E+0
9.09694333E+0	3.54018685E+0
8.34502218E+0	3.47058786E+0
7.56147915E+0	3.39250975E+0
6.74126207E+0	3.28788025E+0
5.95755522E+0	3.17134706E+0
5.16794529E+0	3.01551508E+0
4.05779668E+0	2.74054009E+0
3.00818581E+0	2.35240058E+0
2.10620169E+0	1.85377033E+0
1.19836073E+0	1.20245482E+0
3.40027328E-1	4.96713367E-1
-4.54032626E-1	-1.88969108E-1
-1.36145554E+0	-9.61260297E-1
-2.31087224E+0	-1.73375094E+0
-3.37502640E+0	-2.42876685E+0
-4.79466787E+0	-3.04328607E+0
-6.33764671E+0	-3.44438771E+0
-7.68799826E+0	-3.66931006E+0
-8.68482647E+0	-3.76272606E+0
-9.32304345E+0	-3.81635297E+0
-9.67734942E+0	-3.85322420E+0
-9.89673570E+0	-3.86627076E+0
-1.00277284E+1	-3.87468170E+0
-1.01015546E+1	-3.88180475E+0
-1.01195543E+1	-3.88537529E+0
-1.00344791E+1	-3.87166084E+0
-9.82507247E+0	-3.86586075E+0
-9.53389629E+0	-3.85367232E+0
-9.15744289E+0	-3.81744992E+0
-8.71930175E+0	-3.78237541E+0
-8.33687707E+0	-3.74893586E+0
-7.93718418E+0	-3.74156704E+0
-7.58226256E+0	-3.70135334E+0
-7.26613259E+0	-3.63268663E+0
-6.97092368E+0	-3.60333805E+0
-6.62223840E+0	-3.55055521E+0
-6.24579178E+0	-3.49636158E+0
-5.82634491E+0	-3.43098012E+0
-5.39891460E+0	-3.35509578E+0
-4.83162478E+0	-3.21447585E+0
-4.07617391E+0	-3.00305319E+0
-3.28015653E+0	-2.73946770E+0
-2.57421798E+0	-2.40880419E+0
-1.79719483E+0	-1.93394591E+0
-9.72616810E-1	-1.30200958E+0
-8.20743967E-2	-5.25772857E-1
9.22073257E-1	3.41169983E-1
2.05387221E+0	1.23735968E+0
3.29281621E+0	2.03472683E+0
4.86420994E+0	2.79368038E+0
6.77305109E+0	3.23179892E+0
8.36755771E+0	3.47077159E+0
9.40550891E+0	3.57964648E+0
9.87718420E+0	3.61932387E+0
1.01108790E+1	3.63662216E+0
1.01766474E+1	3.63738005E+0
9.97027872E+0	3.62007312E+0
9.29402683E+0	3.56950854E+0
8.28647976E+0	3.48431986E+0
7.19320806E+0	3.36533294E+0
6.05433270E+0	3.20242397E+0
4.91444281E+0	2.96642851E+0
3.37489558E+0	2.52796936E+0
2.16137005E+0	1.96847008E+0
1.05860371E+0	1.14934573E+0
-1.12230781E-1	1.16712637E-1
-1.30524638E+0	-9.37546673E-1
-2.76826129E+0	-1.98240119E+0
-4.63036897E+0	-2.96703330E+0
-6.87336781E+0	-3.50991222E+0
-8.63092635E+0	-3.73853255E+0
-9.63213244E+0	-3.81953208E+0
-1.00063386E+1	-3.84987072E+0
-1.01219976E+1	-3.86138759E+0
-9.83604066E+0	-3.83765797E+0
-8.91456553E+0	-3.75780298E+0
-7.68069431E+0	-3.63793342E+0
-6.42810085E+0	-3.48122456E+0
-5.26971749E+0	-3.29383250E+0
-3.92379110E+0	-2.93775056E+0
-2.66364900E+0	-2.44770732E+0
-1.72990219E+0	-1.87915213E+0
-7.56519781E-1	-1.11487403E+0
2.58396630E-1	-2.50289472E-1
1.21811843E+0	6.01299624E-1
2.21036181E+0	1.34167753E+0
3.23104347E+0	2.03248550E+0
4.49812106E+0	2.67311609E+0
5.96929595E+0	3.11057251E+0
7.36702599E+0	3.36721641E+0
8.55941744E+0	3.50952248E+0
9.33838125E+0	3.57844681E+0
9.74842892E+0	3.61170693E+0
9.98968300E+0	3.63494490E+0
1.01245752E+1	3.64367377E+0
1.01691994E+1	3.64772138E+0
1.01015440E+1	3.63996037E+0
9.79865362E+0	3.62099920E+0
9.30786585E+0	3.58001877E+0
8.72608569E+0	3.53526939E+0
8.14065756E+0	3.47658535E+0
7.53756039E+0	3.41309606E+0
6.93504058E+0	3.33872307E+0
6.33152411E+0	3.25309350E+0
5.77380223E+0	3.16750247E+0
5.21933942E+0	3.04630930E+0
4.46895107E+0	2.86425187E+0
3.65115626E+0	2.63095231E+0
2.96894429E+0	2.37407531E+0
2.42278072E+0	2.13065560E+0
1.91365442E+0	1.83848827E+0
1.37222388E+0	1.45556643E+0
8.55656141E-1	1.04237243E+0
2.80580845E-1	5.32226535E-1
-3.12448355E-1	-1.07450308E-2
-1.03674697E+0	-6.29757960E-1
