# Mess-Beginn: 11.07.2025 13:24:48
# Kei2000	Kei2000
-7.91925402E+0	-3.97941585E+0
-9.41833206E+0	-4.06568036E+0
-9.97283289E+0	-4.07593847E+0
-1.01105303E+1	-4.08656804E+0
-9.73976897E+0	-4.06853354E+0
-8.38643146E+0	-3.99745303E+0
-6.89150304E+0	-3.89481627E+0
-5.33875752E+0	-3.75243734E+0
-3.47795612E+0	-3.44947724E+0
-1.77456278E+0	-2.94785215E+0
-5.55687443E-1	-2.12351136E+0
1.66154955E-1	-9.16510630E-1
8.67987126E-1	7.86403998E-1
2.00173059E+0	2.39431875E+0
4.98420953E+0	3.41001775E+0
7.84910529E+0	3.68179216E+0
9.29141408E+0	3.75558623E+0
9.86617224E+0	3.79736346E+0
1.01120303E+1	3.79146016E+0
1.01320787E+1	3.80186948E+0
9.50491997E+0	3.77466326E+0
8.27125308E+0	3.69263470E+0
6.81543234E+0	3.59067848E+0
5.43815302E+0	3.45996113E+0
3.58055240E+0	3.15508994E+0
1.83616145E+0	2.65748829E+0
5.33144170E-1	1.79794149E+0
-2.12896926E-1	3.03770897E-1
-1.06928953E+0	-1.58562994E+0
-3.04613190E+0	-3.22748158E+0
-6.54428995E+0	-3.87647930E+0
-8.83440010E+0	-4.02048461E+0
-9.71966392E+0	-4.06499154E+0
-1.00329725E+1	-4.07661009E+0
-1.01018105E+1	-4.06515867E+0
-9.67580539E+0	-4.03901005E+0
-8.50953806E+0	-3.98770986E+0
-7.21847854E+0	-3.88651444E+0
-5.77330099E+0	-3.77417948E+0
-4.28996055E+0	-3.57014361E+0
-2.55176801E+0	-3.18809581E+0
-1.21883593E+0	-2.64049766E+0
-2.51604396E-1	-1.66138485E+0
4.05871456E-1	-3.24048559E-1
1.19275503E+0	1.33019231E+0
2.68325538E+0	2.82633526E+0
5.67176388E+0	3.51166620E+0
8.08161478E+0	3.71908355E+0
9.34100360E+0	3.78821942E+0
9.87852743E+0	3.82093278E+0
1.01141386E+1	3.82227879E+0
1.01667372E+1	3.82215440E+0
9.83076391E+0	3.80147223E+0
9.00088079E+0	3.75637227E+0
7.99184037E+0	3.69470079E+0
6.85626315E+0	3.61594718E+0
5.67890765E+0	3.50899603E+0
4.38467439E+0	3.32976609E+0
2.88981816E+0	3.02288289E+0
1.72174946E+0	2.61536367E+0
7.54765675E-1	2.03939523E+0
9.00548714E-2	1.13446750E+0
-3.90089947E-1	-8.11751197E-2
-1.00771217E+0	-1.36037052E+0
-2.07140490E+0	-2.69336888E+0
-4.37675375E+0	-3.55145774E+0
-6.92299607E+0	-3.87018056E+0
-8.51767179E+0	-3.98230430E+0
-9.43844925E+0	-4.03166708E+0
-9.88024182E+0	-4.05559834E+0
-1.00655311E+1	-4.06237689E+0
-1.00727562E+1	-4.06270960E+0
-9.69480238E+0	-4.04550026E+0
-8.84520219E+0	-3.99974480E+0
-7.94413651E+0	-3.94735600E+0
-6.98306090E+0	-3.88216828E+0
-5.98023114E+0	-3.79795121E+0
-5.08220712E+0	-3.69944889E+0
-3.88918340E+0	-3.51310427E+0
-2.61036224E+0	-3.24111027E+0
-1.71071667E+0	-2.92817639E+0
-9.26933051E-1	-2.46582422E+0
-3.05397886E-1	-1.84342619E+0
1.13699570E-1	-1.06985592E+0
4.97415693E-1	-8.49115165E-2
1.01485981E+0	1.00000837E+0
1.81795810E+0	2.14545880E+0
3.50578317E+0	3.00217107E+0
5.77474516E+0	3.48157530E+0
7.72488743E+0	3.65506009E+0
8.88121685E+0	3.72874152E+0
9.56933100E+0	3.77209838E+0
9.91380153E+0	3.77996346E+0
1.00881192E+1	3.79911379E+0
1.01500550E+1	3.80056474E+0
1.00717233E+1	3.79270412E+0
9.64153121E+0	3.77229670E+0
8.85579772E+0	3.72784134E+0
7.93699572E+0	3.66495978E+0
6.93480530E+0	3.60241597E+0
5.93648620E+0	3.51118547E+0
4.99747234E+0	3.41116521E+0
3.72411561E+0	3.18060805E+0
2.57513256E+0	2.92176980E+0
1.69102762E+0	2.61709384E+0
8.72207322E-1	2.12120980E+0
2.36088600E-1	1.35134743E+0
-2.49299303E-1	2.57206630E-1
-7.74989391E-1	-1.02276434E+0
-1.56514428E+0	-2.22706096E+0
-3.22085427E+0	-3.32852153E+0
-5.78878963E+0	-3.84567494E+0
-7.87719224E+0	-4.10307047E+0
-9.06200846E+0	-4.35988754E+0
-9.69952411E+0	-4.43857298E+0
-9.96843374E+0	-4.41968438E+0
-1.00732489E+1	-4.39946825E+0
-1.00209369E+1	-4.39898878E+0
-9.58344668E+0	-4.31761108E+0
-8.63964484E+0	-4.32605624E+0
-7.62042605E+0	-4.12865631E+0
-6.45310878E+0	-3.97422420E+0
-5.36622567E+0	-3.86582333E+0
-4.18495238E+0	-3.67930924E+0
-2.78297548E+0	-3.42179516E+0
-1.80920967E+0	-3.12460739E+0
-9.87505731E-1	-2.67388902E+0
-3.47433891E-1	-2.05078062E+0
4.32288600E-2	-1.35982903E+0
4.09748203E-1	-4.79684326E-1
8.74901015E-1	6.34103663E-1
1.50960832E+0	1.57391332E+0
2.68590817E+0	2.58234196E+0
4.79531337E+0	3.19918938E+0
6.81861640E+0	3.46167939E+0
8.17432171E+0	3.56748456E+0
9.11362064E+0	3.66964493E+0
9.64767932E+0	3.70147313E+0
9.94918918E+0	3.72030138E+0
1.01071733E+1	3.71725261E+0
1.01463947E+1	3.75526590E+0
9.91554500E+0	3.74707478E+0
9.25203616E+0	3.75179175E+0
8.26331493E+0	3.68247531E+0
7.17484450E+0	3.61419768E+0
6.05792141E+0	3.51644554E+0
4.95599893E+0	3.39471562E+0
3.43648810E+0	3.12117656E+0
2.02493995E+0	2.73253718E+0
8.75602416E-1	2.03448773E+0
1.59240582E-2	8.98441582E-1
-6.81126609E-1	-7.29223608E-1
-1.81278221E+0	-2.59291561E+0
-5.13476844E+0	-3.73939314E+0
-8.28342576E+0	-4.01970942E+0
-9.61720091E+0	-4.08412368E+0
-1.00159626E+1	-4.10056879E+0
-1.00642740E+1	-4.11297098E+0
