# Mess-Beginn: 11.07.2025 13:35:53
# Kei2000	Kei2000
9.24608836E+0	2.63559884E+0
9.50536571E+0	2.68376200E+0
9.69685976E+0	2.73150479E+0
9.85513972E+0	2.76740672E+0
9.96447050E+0	2.78795362E+0
1.00476507E+1	2.79929007E+0
1.00846654E+1	2.81014681E+0
1.00803260E+1	2.80028550E+0
9.99866209E+0	2.78781264E+0
9.83483827E+0	2.76232689E+0
9.60571170E+0	2.72528343E+0
9.30462247E+0	2.67929821E+0
8.96315077E+0	2.62026990E+0
8.61029854E+0	2.55411993E+0
8.23197738E+0	2.48817342E+0
7.86123885E+0	2.41408891E+0
7.52875860E+0	2.34738016E+0
7.19656331E+0	2.26628941E+0
6.87003400E+0	2.19513461E+0
6.50078525E+0	2.10411058E+0
6.17324953E+0	2.02447929E+0
5.84265622E+0	1.93531577E+0
5.55252707E+0	1.84904081E+0
5.15500382E+0	1.73432625E+0
4.65061918E+0	1.57973150E+0
4.03159586E+0	1.38231085E+0
3.31230955E+0	1.14765982E+0
2.63472390E+0	9.23794864E-1
1.96556000E+0	6.94553521E-1
1.27673946E+0	4.51529708E-1
5.46595725E-1	2.00392432E-1
-1.71875089E-1	-3.19094559E-2
-8.30335252E-1	-2.62320069E-1
-1.46311036E+0	-4.82835298E-1
-1.98095136E+0	-6.63535910E-1
-2.58003665E+0	-8.62170787E-1
-3.11863900E+0	-1.05261450E+0
-3.64482042E+0	-1.22135981E+0
-4.10955776E+0	-1.37527774E+0
-4.58358010E+0	-1.53116271E+0
-5.17240501E+0	-1.72313826E+0
-5.79214695E+0	-1.91126216E+0
-6.37804373E+0	-2.09587987E+0
-6.95958716E+0	-2.26199916E+0
-7.49073973E+0	-2.41599953E+0
-7.94289394E+0	-2.52728446E+0
-8.33040753E+0	-2.62556519E+0
-8.69107473E+0	-2.70716766E+0
-9.04560220E+0	-2.78955933E+0
-9.33087954E+0	-2.84891800E+0
-9.54622290E+0	-2.89018461E+0
-9.72184791E+0	-2.92420057E+0
-9.85600403E+0	-2.95512096E+0
-9.94324429E+0	-2.97330984E+0
-1.00140211E+1	-2.98808586E+0
-1.00496782E+1	-2.99241972E+0
-1.00225671E+1	-2.98868223E+0
-9.91398090E+0	-2.97305333E+0
-9.70289499E+0	-2.93699228E+0
-9.43682657E+0	-2.89306740E+0
-9.12585267E+0	-2.84358640E+0
-8.81791414E+0	-2.78862201E+0
-8.51387420E+0	-2.73341525E+0
-8.14808404E+0	-2.66160430E+0
-7.70815887E+0	-2.55729183E+0
-7.20161332E+0	-2.45807878E+0
-6.63370246E+0	-2.30919711E+0
-6.07799087E+0	-2.17627410E+0
-5.55774703E+0	-2.03271209E+0
-4.90459330E+0	-1.84245840E+0
-4.07629088E+0	-1.59289182E+0
-3.18903045E+0	-1.28457050E+0
-2.30158546E+0	-9.92543955E-1
-1.43510906E+0	-6.90170453E-1
-4.76524369E-1	-3.57829050E-1
4.39155881E-1	-5.31247800E-2
1.26650309E+0	2.12807081E-1
1.98971002E+0	4.63985104E-1
2.70205911E+0	7.10758042E-1
3.34923180E+0	9.36857695E-1
3.93667736E+0	1.12425200E+0
4.40154402E+0	1.26944424E+0
4.81324958E+0	1.41076934E+0
5.20760056E+0	1.52964333E+0
5.63674126E+0	1.66418068E+0
6.03604085E+0	1.78404992E+0
6.47530061E+0	1.91851663E+0
6.79861484E+0	2.01599722E+0
7.12382289E+0	2.08956734E+0
7.36174485E+0	2.16197911E+0
7.60148937E+0	2.22415099E+0
7.86822566E+0	2.29945242E+0
8.11228145E+0	2.36025059E+0
8.36849914E+0	2.42164908E+0
8.56760948E+0	2.46745916E+0
8.68346465E+0	2.50137665E+0
8.81370884E+0	2.52557349E+0
8.95968213E+0	2.55778170E+0
9.08274087E+0	2.58843603E+0
9.19136261E+0	2.60824741E+0
9.33513840E+0	2.64667961E+0
9.45086650E+0	2.66838565E+0
9.51773415E+0	2.68290351E+0
9.58658750E+0	2.70455734E+0
9.65286053E+0	2.71380064E+0
9.69911321E+0	2.73133962E+0
9.73380877E+0	2.73458830E+0
9.79685087E+0	2.75277469E+0
9.87165309E+0	2.77039320E+0
9.91289560E+0	2.76793919E+0
9.95441792E+0	2.77905912E+0
9.99170364E+0	2.78953909E+0
1.00159551E+1	2.79259004E+0
1.00322005E+1	2.79643515E+0
1.00544570E+1	2.79317862E+0
1.00800539E+1	2.79356632E+0
1.00969976E+1	2.80238667E+0
1.00981204E+1	2.80216050E+0
1.00679966E+1	2.80126077E+0
1.00213661E+1	2.80266778E+0
9.92795627E+0	2.78545024E+0
9.79607619E+0	2.76638393E+0
9.66225132E+0	2.74012553E+0
9.48218390E+0	2.71216672E+0
9.31593981E+0	2.68485560E+0
9.16288102E+0	2.64951594E+0
8.97174720E+0	2.61780305E+0
8.77938999E+0	2.58096684E+0
8.57467701E+0	2.53279516E+0
8.29286652E+0	2.49315329E+0
8.02058293E+0	2.42694348E+0
7.71753141E+0	2.36648677E+0
7.44213098E+0	2.31350472E+0
7.17731857E+0	2.24993543E+0
6.95760488E+0	2.18277800E+0
6.70201572E+0	2.12361618E+0
6.39640241E+0	2.05206569E+0
6.11262950E+0	1.99430227E+0
5.77084813E+0	1.91001707E+0
5.43361829E+0	1.80577911E+0
5.04782122E+0	1.68035635E+0
4.63059245E+0	1.54664266E+0
4.18112887E+0	1.41363004E+0
3.71242344E+0	1.26595705E+0
3.15759128E+0	1.08774348E+0
2.64921085E+0	9.05402086E-1
2.17292385E+0	7.15896012E-1
1.65471270E+0	5.34130505E-1
1.10352044E+0	3.47936798E-1
4.42716931E-1	1.21565216E-1
-2.89928444E-1	-1.39557023E-1
-1.04450121E+0	-4.07928991E-1
-1.88302350E+0	-6.70145385E-1
-2.64658500E+0	-9.27244397E-1
-3.38212412E+0	-1.17675577E+0
-4.00886867E+0	-1.38141220E+0
-4.59662695E+0	-1.57372647E+0
-5.24079351E+0	-1.78873674E+0
-6.01383035E+0	-2.04832546E+0
-6.81231696E+0	-2.27423992E+0
-7.57988291E+0	-2.48444234E+0
-8.24933626E+0	-2.65392148E+0
-8.79132509E+0	-2.79402164E+0
-9.22043508E+0	-2.87179102E+0
-9.52415650E+0	-2.94225849E+0
-9.75627659E+0	-2.98853078E+0
-9.91533063E+0	-3.01115347E+0
-1.00090197E+1	-3.02927534E+0
-1.00120415E+1	-3.02395238E+0
-9.84182400E+0	-2.99754511E+0
-9.48333479E+0	-2.93015131E+0
-8.94973461E+0	-2.83886490E+0
-8.32911820E+0	-2.71618964E+0
-7.57816546E+0	-2.56041043E+0
-6.76821460E+0	-2.38188011E+0
-5.97938022E+0	-2.17743412E+0
-5.20717183E+0	-1.96118947E+0
-4.22557682E+0	-1.65667869E+0
-3.05552487E+0	-1.26950298E+0
-1.96740393E+0	-9.02449026E-1
-7.09547872E-1	-4.61444094E-1
6.38004373E-1	4.47351460E-3
1.91568607E+0	4.26641492E-1
3.14445905E+0	8.40047036E-1
4.14073652E+0	1.17122448E+0
5.06918495E+0	1.46370394E+0
5.96662191E+0	1.76236088E+0
6.89534440E+0	2.03125233E+0
7.77034782E+0	2.26170616E+0
8.49810808E+0	2.45391053E+0
9.10070037E+0	2.57901851E+0
9.49865414E+0	2.66317306E+0
9.77228643E+0	2.71889341E+0
9.95414278E+0	2.75784422E+0
1.00616143E+1	2.78203849E+0
1.00457135E+1	2.77694629E+0
9.76535510E+0	2.73009224E+0
9.21471378E+0	2.64971532E+0
8.57889889E+0	2.52991359E+0
7.93777818E+0	2.39816017E+0
7.26982101E+0	2.25687926E+0
6.52251437E+0	2.08482404E+0
5.84807873E+0	1.89569678E+0
5.00826700E+0	1.64389212E+0
3.82023636E+0	1.28905973E+0
2.63615643E+0	9.03391864E-1
1.63075614E+0	5.52710922E-1
4.78313093E-1	1.39355728E-1
-6.40671758E-1	-2.19182275E-1
-1.69396756E+0	-5.79906533E-1
-2.73583836E+0	-9.73074611E-1
-3.78930516E+0	-1.31107340E+0
-4.70728406E+0	-1.63345122E+0
-5.75279714E+0	-1.95809543E+0
-6.78775020E+0	-2.24977543E+0
-7.73099661E+0	-2.49411020E+0
-8.52719394E+0	-2.68931236E+0
-9.13657351E+0	-2.82965649E+0
-9.57459873E+0	-2.93702891E+0
-9.83703894E+0	-2.98775299E+0
-9.99172393E+0	-3.01459364E+0
-1.00059518E+1	-3.01161615E+0
-9.68012486E+0	-2.96425793E+0
-9.02453560E+0	-2.84004004E+0
-8.17754662E+0	-2.68994756E+0
-7.30645673E+0	-2.50550286E+0
-6.40089786E+0	-2.28903469E+0
-5.58595799E+0	-2.07407486E+0
-4.44498571E+0	-1.75191201E+0
-3.03027564E+0	-1.30199657E+0
-1.87271711E+0	-8.91141201E-1
-5.50503004E-1	-4.52341298E-1
7.62409158E-1	1.43368778E-2
1.93065727E+0	4.22039628E-1
3.02156666E+0	7.70364201E-1
3.94034475E+0	1.08661996E+0
4.78798662E+0	1.36157438E+0
5.66887331E+0	1.65725073E+0
6.57504803E+0	1.91473431E+0
7.47944392E+0	2.18362082E+0
8.28437291E+0	2.39162444E+0
8.96875230E+0	2.54088078E+0
9.46993123E+0	2.65371301E+0
9.79548285E+0	2.72434287E+0
1.00065066E+1	2.75663596E+0
1.00727848E+1	2.77002395E+0
9.79376563E+0	2.72157956E+0
9.11943483E+0	2.59863513E+0
8.26965453E+0	2.43303552E+0
7.34986361E+0	2.24232788E+0
6.39034247E+0	2.02092848E+0
5.51999186E+0	1.79369123E+0
4.33734135E+0	1.41348505E+0
2.89424436E+0	9.63348482E-1
1.57690143E+0	5.16154261E-1
2.09302648E-1	2.09459399E-2
-1.22489825E+0	-4.93238735E-1
-2.53184368E+0	-9.36664968E-1
-3.77386437E+0	-1.34238834E+0
-4.80163617E+0	-1.66799342E+0
-5.84700248E+0	-2.01790089E+0
