# Mess-Beginn: 11.07.2025 13:33:06
# Kei2000	Kei2000
-4.58959128E+0	-2.68987961E+0
-3.30961072E+0	-2.21291121E+0
-2.30487360E+0	-1.71153627E+0
-1.25770375E+0	-1.08627071E+0
-1.02673541E-1	-3.59611232E-1
1.08422378E+0	3.48239642E-1
2.32252094E+0	1.08443433E+0
3.50221909E+0	1.72013552E+0
4.70617363E+0	2.31392975E+0
6.01899477E+0	2.77509538E+0
7.26374731E+0	3.08151021E+0
8.36393523E+0	3.27158961E+0
9.09649102E+0	3.38047021E+0
9.57202330E+0	3.43820453E+0
9.88866973E+0	3.46685259E+0
1.00817223E+1	3.49218744E+0
1.01814425E+1	3.50116844E+0
1.02247322E+1	3.50707397E+0
1.01651015E+1	3.50082640E+0
9.95229659E+0	3.47994074E+0
9.56415073E+0	3.43871622E+0
8.95908762E+0	3.37770254E+0
8.28448313E+0	3.29799273E+0
7.58087164E+0	3.20577196E+0
6.93838867E+0	3.09833426E+0
6.27174723E+0	2.97516091E+0
5.69814858E+0	2.85725417E+0
5.10602963E+0	2.70168247E+0
4.34437681E+0	2.45641094E+0
3.48320315E+0	2.13140037E+0
2.79290033E+0	1.81659759E+0
2.12307601E+0	1.46600153E+0
1.38356684E+0	1.01372974E+0
6.64354501E-1	5.75586322E-1
5.42201845E-2	1.79782541E-1
-6.60608590E-1	-2.44960398E-1
-1.38806925E+0	-6.83340290E-1
-2.07107034E+0	-1.10554429E+0
-2.68180854E+0	-1.46509685E+0
-3.31128146E+0	-1.80172691E+0
-3.98496305E+0	-2.12780762E+0
-4.76913127E+0	-2.48386602E+0
-5.72327246E+0	-2.85700327E+0
-6.77604137E+0	-3.14339004E+0
-7.81002420E+0	-3.35688671E+0
-8.72887255E+0	-3.49775316E+0
-9.33639599E+0	-3.57600844E+0
-9.73137476E+0	-3.61982675E+0
-9.96290869E+0	-3.64460942E+0
-1.01020177E+1	-3.66311312E+0
-1.01681036E+1	-3.67295424E+0
-1.01083957E+1	-3.66485073E+0
-9.83765486E+0	-3.63891176E+0
-9.35309929E+0	-3.59151496E+0
-8.79968309E+0	-3.53148964E+0
-8.27148324E+0	-3.47436558E+0
-7.75038035E+0	-3.40297530E+0
-7.18505776E+0	-3.31538510E+0
-6.58127187E+0	-3.20948345E+0
-6.01859792E+0	-3.09810190E+0
-5.43953500E+0	-2.96550632E+0
-4.75831050E+0	-2.76082619E+0
-3.84409759E+0	-2.44286269E+0
-2.91750540E+0	-2.04668448E+0
-2.05326597E+0	-1.61208261E+0
-1.15728648E+0	-1.03493447E+0
-1.48609500E-1	-4.43559811E-1
8.80055234E-1	1.89943680E-1
1.98893580E+0	8.91337890E-1
3.04982484E+0	1.47861586E+0
4.07901609E+0	2.04113631E+0
5.35884867E+0	2.57533381E+0
6.69812005E+0	2.95462296E+0
7.95441762E+0	3.22316104E+0
8.99574837E+0	3.37329755E+0
9.63579457E+0	3.44529392E+0
1.00095309E+1	3.48451865E+0
1.01854448E+1	3.50145280E+0
1.02375176E+1	3.51010334E+0
1.00408426E+1	3.49039328E+0
9.50356336E+0	3.43476904E+0
8.80677425E+0	3.35736373E+0
8.07320314E+0	3.25824327E+0
7.25512688E+0	3.14344903E+0
6.38623809E+0	2.98867903E+0
5.62423843E+0	2.82080518E+0
4.69333031E+0	2.55332104E+0
3.60986247E+0	2.16423071E+0
2.66967504E+0	1.73880599E+0
1.78144594E+0	1.25069264E+0
8.28659094E-1	6.31404235E-1
-2.25228365E-1	-2.05559307E-2
-1.29210919E+0	-6.74514937E-1
-2.43512536E+0	-1.35635762E+0
-3.55320542E+0	-1.96471939E+0
-4.83329778E+0	-2.53612219E+0
-6.26438710E+0	-3.03792221E+0
-7.72906020E+0	-3.35116083E+0
-8.84295178E+0	-3.52394313E+0
-9.57175893E+0	-3.60958597E+0
-9.94247689E+0	-3.65014803E+0
-1.01422989E+1	-3.66795951E+0
-1.02298865E+1	-3.67795992E+0
-1.00850617E+1	-3.65999055E+0
-9.57074184E+0	-3.61219235E+0
-8.77360349E+0	-3.54287050E+0
-7.99673407E+0	-3.44029360E+0
-7.19473790E+0	-3.31996088E+0
-6.30534893E+0	-3.15359949E+0
-5.43926850E+0	-2.95515408E+0
-4.26312038E+0	-2.58368848E+0
-2.99900585E+0	-2.07195573E+0
-1.92710520E+0	-1.50450817E+0
-7.83059416E-1	-8.20904584E-1
4.68629059E-1	-3.92731965E-2
1.77266289E+0	7.66591631E-1
3.09217029E+0	1.47500852E+0
4.40307860E+0	2.15202422E+0
5.89373130E+0	2.72273364E+0
7.48217747E+0	3.11713821E+0
8.73916169E+0	3.32716257E+0
9.52475067E+0	3.43180284E+0
9.96716620E+0	3.47788179E+0
1.01896851E+1	3.49925576E+0
1.02842796E+1	3.50599985E+0
1.01362807E+1	3.48979870E+0
9.62151429E+0	3.43942092E+0
8.85795367E+0	3.36126827E+0
8.10727951E+0	3.26477567E+0
7.36615601E+0	3.15310374E+0
6.54154791E+0	3.01039265E+0
5.74159665E+0	2.84710061E+0
4.86773947E+0	2.59487155E+0
3.75410488E+0	2.20606506E+0
2.80121302E+0	1.79378197E+0
1.94974456E+0	1.35558755E+0
9.76860242E-1	7.39662537E-1
-9.64958309E-2	9.61885931E-2
-1.14250186E+0	-5.84395210E-1
-2.29399394E+0	-1.29449029E+0
-3.38981916E+0	-1.88396636E+0
-4.49309482E+0	-2.40638962E+0
-5.68256302E+0	-2.87526372E+0
-6.92109035E+0	-3.19172632E+0
-8.01053645E+0	-3.41621440E+0
-8.85721166E+0	-3.53870503E+0
-9.39548350E+0	-3.60262044E+0
-9.72682848E+0	-3.63692679E+0
-9.92378145E+0	-3.65465725E+0
-1.00308676E+1	-3.66123857E+0
-1.00752688E+1	-3.66412680E+0
-9.98752375E+0	-3.65839537E+0
-9.69767194E+0	-3.62790198E+0
-9.22352230E+0	-3.58134170E+0
-8.59060477E+0	-3.51031909E+0
-7.94292686E+0	-3.43289300E+0
-7.32775330E+0	-3.34514718E+0
-6.59596577E+0	-3.20984803E+0
-5.81567819E+0	-3.05878815E+0
-4.94545730E+0	-2.84154584E+0
-3.81431271E+0	-2.44503775E+0
-2.69597774E+0	-1.96828149E+0
-1.76358984E+0	-1.42416929E+0
-7.58869947E-1	-8.36853668E-1
2.65480702E-1	-1.80933405E-1
1.27834557E+0	4.68484785E-1
2.34999729E+0	1.09739310E+0
3.39418234E+0	1.64639823E+0
4.49915679E+0	2.20615489E+0
5.69338963E+0	2.64323399E+0
6.80186432E+0	2.96880527E+0
7.84919451E+0	3.18215992E+0
