# Mess-Beginn: 11.07.2025 13:39:32
# Kei2000	Kei2000
-2.70989196E+0	-8.19811579E-1
-8.40040711E-1	-3.72678407E-1
1.23911871E+0	1.33220786E-1
3.19472075E+0	6.11711413E-1
4.86392848E+0	9.69115818E-1
6.44277349E+0	1.33139968E+0
8.01185885E+0	1.66071661E+0
9.17336612E+0	1.89880951E+0
9.76999833E+0	2.01029087E+0
1.00586152E+1	2.05245577E+0
9.88378205E+0	2.00765898E+0
8.90774316E+0	1.84973282E+0
7.50334866E+0	1.57852876E+0
5.94656641E+0	1.26931210E+0
4.04505663E+0	8.46715589E-1
1.78931709E+0	3.10502171E-1
-5.67787001E-1	-2.29813793E-1
-2.74874125E+0	-7.70127462E-1
-4.69751221E+0	-1.21571838E+0
-6.53073051E+0	-1.63578395E+0
-8.27070896E+0	-2.00893855E+0
-9.38917996E+0	-2.24371860E+0
-9.91882004E+0	-2.32836199E+0
-9.99510346E+0	-2.33748870E+0
-9.10126472E+0	-2.16423716E+0
-7.69192658E+0	-1.88453282E+0
-6.08091109E+0	-1.57846794E+0
-4.12171900E+0	-1.12656479E+0
-1.56632550E+0	-5.27066594E-1
1.03185277E+0	1.23357107E-1
3.37706264E+0	6.37363718E-1
5.14963895E+0	1.04306150E+0
6.92279165E+0	1.44492069E+0
8.34894049E+0	1.69337215E+0
9.35264337E+0	1.88852897E+0
9.84398518E+0	1.97405998E+0
1.00677433E+1	2.01746385E+0
9.93980565E+0	1.99460328E+0
9.14917697E+0	1.85473499E+0
8.04444072E+0	1.65844508E+0
6.80431780E+0	1.42857255E+0
5.55640475E+0	1.18324416E+0
3.92321453E+0	7.54742030E-1
2.00598383E+0	3.55912355E-1
3.58957105E-1	-2.60503520E-2
-1.48115108E+0	-4.41889985E-1
-3.05427058E+0	-8.25214214E-1
-4.56719789E+0	-1.14545329E+0
-5.97362481E+0	-1.47687727E+0
-7.38893299E+0	-1.78869135E+0
-8.55707013E+0	-2.02645662E+0
-9.28951531E+0	-2.17900451E+0
-9.73153634E+0	-2.27034001E+0
-9.96316556E+0	-2.31480836E+0
-1.00063672E+1	-2.30989804E+0
-9.59187389E+0	-2.24121271E+0
-8.71498144E+0	-2.09135816E+0
-7.65319445E+0	-1.90895895E+0
-6.57743556E+0	-1.68466372E+0
-5.52398028E+0	-1.47749739E+0
-4.08628789E+0	-1.15436634E+0
-2.31526232E+0	-7.38641597E-1
-7.25888433E-1	-3.67112568E-1
1.08473419E+0	7.59445010E-2
2.85054668E+0	4.87729906E-1
4.41207983E+0	8.53192263E-1
5.80319406E+0	1.16402056E+0
7.29029255E+0	1.49412074E+0
8.53845213E+0	1.76731930E+0
9.35387951E+0	1.92897717E+0
9.85100558E+0	2.01707061E+0
1.00727926E+1	2.05424275E+0
9.88189756E+0	2.01593898E+0
8.97906502E+0	1.84387747E+0
7.68035684E+0	1.62805145E+0
6.21163133E+0	1.33894302E+0
4.75093060E+0	9.79830395E-1
2.49588224E+0	4.75346074E-1
4.88743946E-1	-7.51143666E-3
-1.68335575E+0	-5.08949920E-1
-3.58501301E+0	-9.48817132E-1
-5.09051116E+0	-1.31585924E+0
-6.76155481E+0	-1.71114254E+0
-8.27365617E+0	-2.01632800E+0
-9.29050914E+0	-2.21432204E+0
-9.80899950E+0	-2.29802731E+0
-1.00282524E+1	-2.32344206E+0
-9.60905519E+0	-2.25328181E+0
-8.28559558E+0	-2.01201640E+0
-6.70023414E+0	-1.69778730E+0
-5.07115384E+0	-1.33976119E+0
-2.54312017E+0	-7.32761743E-1
-1.60250518E-1	-1.98964913E-1
2.08210700E+0	3.65091831E-1
4.04515159E+0	7.76800130E-1
5.63861941E+0	1.13926873E+0
7.30670820E+0	1.51929301E+0
8.66616314E+0	1.79768928E+0
9.47204998E+0	1.93844991E+0
9.90742183E+0	2.00707691E+0
1.00866332E+1	2.02664181E+0
9.95691782E+0	1.99372256E+0
9.24268218E+0	1.86788196E+0
8.15775459E+0	1.67849298E+0
7.02769453E+0	1.45556270E+0
5.85725774E+0	1.22599235E+0
4.57636414E+0	9.16837370E-1
2.71092995E+0	5.20015392E-1
1.10282595E+0	1.53106692E-1
-6.79983349E-1	-2.41482745E-1
-2.23545748E+0	-6.41358174E-1
-3.66111426E+0	-9.59908084E-1
-4.82906859E+0	-1.24194863E+0
-5.98360648E+0	-1.51790702E+0
-7.13938305E+0	-1.77472867E+0
-8.15077206E+0	-1.97794955E+0
-8.96538626E+0	-2.14912590E+0
-9.47950667E+0	-2.25246001E+0
-9.81382751E+0	-2.29134170E+0
-9.99499001E+0	-2.31503114E+0
-1.00034880E+1	-2.32308384E+0
-9.63230768E+0	-2.25189169E+0
-8.86117297E+0	-2.11324775E+0
-7.97782144E+0	-1.94646952E+0
-6.98403084E+0	-1.77849855E+0
-6.01186243E+0	-1.57372144E+0
-5.01360646E+0	-1.36544868E+0
-3.50762693E+0	-1.02171155E+0
-2.03762276E+0	-7.01331716E-1
-7.05770200E-1	-3.76249606E-1
9.59380750E-1	4.08313907E-2
2.48569956E+0	3.84332003E-1
3.85082723E+0	7.18014739E-1
5.02030164E+0	9.80664117E-1
6.20961188E+0	1.25984330E+0
7.33923592E+0	1.50701869E+0
8.35968815E+0	1.71801200E+0
9.11154772E+0	1.88266784E+0
9.61338285E+0	1.95991707E+0
9.91038956E+0	2.00175018E+0
1.00598748E+1	2.03252056E+0
1.00478784E+1	2.02018551E+0
9.72638295E+0	1.97615582E+0
9.09716810E+0	1.87500016E+0
8.37760201E+0	1.74253927E+0
7.66099291E+0	1.61350095E+0
6.98522190E+0	1.47753087E+0
6.35900302E+0	1.34984787E+0
5.80314578E+0	1.23656269E+0
5.22873933E+0	1.11506256E+0
4.45033083E+0	9.42760992E-1
3.38083965E+0	7.05890995E-1
2.32956239E+0	4.71570844E-1
1.42353042E+0	2.61262053E-1
5.18111037E-1	4.36267650E-2
-4.39765011E-1	-1.86248072E-1
-1.34281687E+0	-3.79185471E-1
-2.18835310E+0	-5.75394736E-1
-3.10565010E+0	-7.93053309E-1
-3.96468824E+0	-1.00312655E+0
-4.71179446E+0	-1.16436346E+0
-5.44879790E+0	-1.35204875E+0
-6.23175570E+0	-1.53996394E+0
-7.03879285E+0	-1.70483343E+0
-7.77172173E+0	-1.86747961E+0
-8.42757769E+0	-2.00953266E+0
-8.95128503E+0	-2.10092407E+0
-9.33962657E+0	-2.18700258E+0
-9.61639893E+0	-2.24903547E+0
-9.80589540E+0	-2.27778326E+0
-9.92958200E+0	-2.30207626E+0
-1.00098007E+1	-2.31677002E+0
